18.9621964	0.0153809	0.0012207	0.0015485
16.9476280	0.0307617	0.0122070	0.0030970
15.2025080	0.0461426	0.0090332	0.0046455
13.6907244	0.0617676	0.0112305	0.0061941
12.3811522	0.0773926	0.0153809	0.0077427
11.2467432	0.0927734	0.0207520	0.0092913
10.2640696	0.1081543	0.0283203	0.0108399
9.4127932	0.1237793	0.0378418	0.0123886
8.6753864	0.1394043	0.0458984	0.0139373
8.0366173	0.1550293	0.0559082	0.0154860
8.0365562	0.1552734	0.0654297	0.0154861
8.0364637	0.1557617	0.0656738	0.0154864
8.0363712	0.1560059	0.0808105	0.0154866
8.0363102	0.1560059	0.0913086	0.0154868
8.0362492	0.1560059	0.0966797	0.0154869
8.0361872	0.1562500	0.1032715	0.0154871
8.0360966	0.1569824	0.1083984	0.0154873
8.0360355	0.1574707	0.1103516	0.0154875
8.0359755	0.1579590	0.1157227	0.0154876
8.0359154	0.1586914	0.1186523	0.0154878
8.0358410	0.1594238	0.1210937	0.0154880
8.0357971	0.1599121	0.1232910	0.0154881
8.0357542	0.1608887	0.1250000	0.0154882
8.0357103	0.1618652	0.1254883	0.0154883
8.0356731	0.1630859	0.1289062	0.0154884
8.0356369	0.1643066	0.1318359	0.0154885
8.0356293	0.1650391	0.1345215	0.0154885
8.0356216	0.1660156	0.1359863	0.0154886
8.0356379	0.1669922	0.1362305	0.0154885
8.0356531	0.1679687	0.1379395	0.0154885
8.0356827	0.1689453	0.1381836	0.0154884
8.0357122	0.1696777	0.1386719	0.0154883
8.0357409	0.1701660	0.1396484	0.0154882
8.0361547	0.1708984	0.1398926	0.0154872
8.0365629	0.1713867	0.1408691	0.0154861
8.0369701	0.1721191	0.1418457	0.0154850
8.0373774	0.1726074	0.1418457	0.0154840
8.0377903	0.1730957	0.1433105	0.0154829
8.0381804	0.1738281	0.1447754	0.0154819
8.0385704	0.1738281	0.1440430	0.0154809
8.0389595	0.1745605	0.1450195	0.0154799
8.0393581	0.1750488	0.1469727	0.0154788
8.0397558	0.1757812	0.1469727	0.0154778
8.0397692	0.1762695	0.1484375	0.0154777
8.0397825	0.1765137	0.1506348	0.0154777
8.0397959	0.1767578	0.1474609	0.0154777
8.0398178	0.1770020	0.1467285	0.0154776
8.0398340	0.1770020	0.1486816	0.0154776
8.0398512	0.1770020	0.1474609	0.0154775
8.0398674	0.1774902	0.1484375	0.0154775
8.0398932	0.1772461	0.1499023	0.0154774
8.0399103	0.1774902	0.1501465	0.0154774
8.0399284	0.1774902	0.1508789	0.0154773
8.0399456	0.1774902	0.1520996	0.0154773
8.0399714	0.1777344	0.1525879	0.0154772
8.0399961	0.1777344	0.1530762	0.0154772
8.0400133	0.1782227	0.1535645	0.0154771
8.0400295	0.1784668	0.1547852	0.0154771
8.0400543	0.1787109	0.1552734	0.0154770
8.0400791	0.1791992	0.1564941	0.0154769
8.0400944	0.1794434	0.1579590	0.0154769
8.0401096	0.1799316	0.1560059	0.0154769
8.0401258	0.1801758	0.1560059	0.0154768
8.0401478	0.1809082	0.1577148	0.0154768
8.0401611	0.1813965	0.1555176	0.0154767
8.0401754	0.1821289	0.1579590	0.0154767
8.0401888	0.1826172	0.1596680	0.0154766
8.0402079	0.1833496	0.1567383	0.0154766
8.0402193	0.1838379	0.1586914	0.0154766
8.0402298	0.1840820	0.1591797	0.0154765
8.0402412	0.1845703	0.1582031	0.0154765
8.0402546	0.1850586	0.1591797	0.0154765
8.0402679	0.1857910	0.1606445	0.0154764
8.0402756	0.1860352	0.1594238	0.0154764
8.0402832	0.1865234	0.1616211	0.0154764
8.0402899	0.1867676	0.1618652	0.0154764
8.0402985	0.1870117	0.1616211	0.0154764
8.0403023	0.1872559	0.1633301	0.0154764
8.0403061	0.1877441	0.1630859	0.0154763
8.0403099	0.1884766	0.1633301	0.0154763
8.0403090	0.1889648	0.1635742	0.0154763
8.0403051	0.1894531	0.1645508	0.0154763
8.0403023	0.1899414	0.1645508	0.0154764
8.0402985	0.1904297	0.1630859	0.0154764
8.0402880	0.1909180	0.1638184	0.0154764
8.0402765	0.1914062	0.1650391	0.0154764
8.0402641	0.1921387	0.1630859	0.0154765
8.0402517	0.1928711	0.1633301	0.0154765
8.0402308	0.1936035	0.1645508	0.0154765
8.0402098	0.1940918	0.1645508	0.0154766
8.0401936	0.1948242	0.1650391	0.0154766
8.0401764	0.1955566	0.1662598	0.0154767
8.0401602	0.1962891	0.1655273	0.0154767
8.0401344	0.1972656	0.1677246	0.0154768
8.0401163	0.1979980	0.1679687	0.0154768
8.0400982	0.1987305	0.1687012	0.0154769
8.0400810	0.1992187	0.1699219	0.0154769
8.0400534	0.1994629	0.1708984	0.0154770
8.0400352	0.1992187	0.1713867	0.0154771
8.0400171	0.1989746	0.1711426	0.0154771
8.0399990	0.1984863	0.1716309	0.0154771
8.0399723	0.1975098	0.1726074	0.0154772
8.0399446	0.1962891	0.1726074	0.0154773
8.0399275	0.1945801	0.1718750	0.0154773
8.0399103	0.1928711	0.1713867	0.0154774
8.0398836	0.1909180	0.1696777	0.0154774
8.0398579	0.1887207	0.1687012	0.0154775
8.0398407	0.1862793	0.1694336	0.0154776
8.0398235	0.1840820	0.1667480	0.0154776
8.0398064	0.1818848	0.1657715	0.0154776
8.0397768	0.1794434	0.1643066	0.0154777
8.0397549	0.1772461	0.1606445	0.0154778
8.0397339	0.1750488	0.1596680	0.0154778
8.0397120	0.1733398	0.1584473	0.0154779
8.0396757	0.1716309	0.1562500	0.0154780
8.0396481	0.1699219	0.1547852	0.0154781
8.0396194	0.1682129	0.1547852	0.0154781
8.0395918	0.1667480	0.1503906	0.0154782
8.0395451	0.1650391	0.1494141	0.0154783
8.0394993	0.1633301	0.1486816	0.0154784
8.0394650	0.1618652	0.1477051	0.0154785
8.0394316	0.1604004	0.1477051	0.0154786
8.0393791	0.1586914	0.1601562	0.0154788
8.0393267	0.1567383	0.1569824	0.0154789
8.0392895	0.1547852	0.1530762	0.0154790
8.0392523	0.1530762	0.1503906	0.0154791
8.0392151	0.1513672	0.1484375	0.0154792
8.0391512	0.1491699	0.1459961	0.0154794
8.0391045	0.1472168	0.1452637	0.0154795
8.0390587	0.1450195	0.1433105	0.0154796
8.0390120	0.1428223	0.1391602	0.0154797
8.0389309	0.1403809	0.1362305	0.0154799
8.0388689	0.1384277	0.1210937	0.0154801
8.0388060	0.1364746	0.1196289	0.0154803
8.0387440	0.1345215	0.1203613	0.0154804
8.0386362	0.1323242	0.1206055	0.0154807
8.0385294	0.1301270	0.1181641	0.0154810
8.0384493	0.1286621	0.1169434	0.0154812
8.0383692	0.1269531	0.1154785	0.0154814
8.0382881	0.1250000	0.1132812	0.0154816
8.0377331	0.1232910	0.1142578	0.0154830
8.0372133	0.1215820	0.1140137	0.0154844
8.0366936	0.1196289	0.1135254	0.0154858
8.0361738	0.1176758	0.1123047	0.0154871
8.0356417	0.1159668	0.1113281	0.0154885
8.0351553	0.1142578	0.1096191	0.0154898
8.0346680	0.1127930	0.1088867	0.0154910
8.0341816	0.1113281	0.1076660	0.0154923
8.0336828	0.1101074	0.1059570	0.0154936
8.0331841	0.1093750	0.1044922	0.0154949
8.0331593	0.1083984	0.1027832	0.0154950
8.0331345	0.1076660	0.1013184	0.0154950
8.0330896	0.1069336	0.0986328	0.0154952
8.0330448	0.1059570	0.0983887	0.0154953
8.0330124	0.1054687	0.0971680	0.0154954
8.0329800	0.1047363	0.0954590	0.0154954
8.0329475	0.1040039	0.0954590	0.0154955
8.0328827	0.1032715	0.0957031	0.0154957
8.0328302	0.1022949	0.0935059	0.0154958
8.0327778	0.1015625	0.0930176	0.0154960
8.0327244	0.1008301	0.0917969	0.0154961
8.0326309	0.1000977	0.0898437	0.0154964
8.0325565	0.0996094	0.0893555	0.0154966
8.0324821	0.0988770	0.0895996	0.0154967
8.0324087	0.0976562	0.0876465	0.0154969
8.0318098	0.0969238	0.0869141	0.0154985
8.0312119	0.0959473	0.0854492	0.0155001
8.0306463	0.0949707	0.0854492	0.0155015
8.0300808	0.0939941	0.0859375	0.0155030
8.0294971	0.0927734	0.0852051	0.0155045
8.0289135	0.0917969	0.0849609	0.0155061
8.0283709	0.0908203	0.0839844	0.0155075
8.0278292	0.0895996	0.0834961	0.0155089
8.0272875	0.0888672	0.0832520	0.0155103
8.0267134	0.0878906	0.0827637	0.0155118
8.0266628	0.0869141	0.0820312	0.0155119
8.0266113	0.0861816	0.0820312	0.0155121
8.0265608	0.0854492	0.0795898	0.0155122
8.0264692	0.0849609	0.0773926	0.0155124
8.0263948	0.0844727	0.0783691	0.0155126
8.0263214	0.0839844	0.0761719	0.0155128
8.0262480	0.0834961	0.0769043	0.0155130
8.0261278	0.0832520	0.0764160	0.0155133
8.0260077	0.0827637	0.0734863	0.0155137
8.0259209	0.0825195	0.0747070	0.0155139
8.0258331	0.0825195	0.0751953	0.0155141
8.0257463	0.0822754	0.0732422	0.0155143
8.0256081	0.0820312	0.0734863	0.0155147
8.0255117	0.0820312	0.0737305	0.0155150
8.0254145	0.0817871	0.0732422	0.0155152
8.0253181	0.0815430	0.0734863	0.0155155
8.0251713	0.0812988	0.0732422	0.0155158
8.0250711	0.0810547	0.0734863	0.0155161
8.0249701	0.0810547	0.0737305	0.0155164
8.0248690	0.0810547	0.0727539	0.0155166
8.0247126	0.0808105	0.0729980	0.0155170
8.0245552	0.0805664	0.0727539	0.0155175
8.0244493	0.0803223	0.0729980	0.0155177
8.0243425	0.0798340	0.0729980	0.0155180
8.0241747	0.0795898	0.0725098	0.0155184
8.0240068	0.0795898	0.0727539	0.0155189
8.0238886	0.0795898	0.0727539	0.0155192
8.0237703	0.0795898	0.0722656	0.0155195
8.0236521	0.0793457	0.0725098	0.0155198
8.0234632	0.0791016	0.0727539	0.0155203
8.0233307	0.0788574	0.0720215	0.0155207
8.0231972	0.0788574	0.0725098	0.0155210
8.0230646	0.0786133	0.0725098	0.0155214
8.0224829	0.0783691	0.0732422	0.0155229
8.0219631	0.0781250	0.0715332	0.0155242
8.0214443	0.0776367	0.0715332	0.0155256
8.0209246	0.0771484	0.0712891	0.0155270
8.0203867	0.0766602	0.0698242	0.0155284
8.0198498	0.0761719	0.0698242	0.0155298
8.0193834	0.0756836	0.0695801	0.0155310
8.0189171	0.0751953	0.0681152	0.0155322
8.0184202	0.0747070	0.0683594	0.0155335
8.0179224	0.0744629	0.0698242	0.0155348
8.0178738	0.0739746	0.0681152	0.0155349
8.0178242	0.0734863	0.0668945	0.0155351
8.0177746	0.0729980	0.0683594	0.0155352
8.0176830	0.0722656	0.0664062	0.0155354
8.0176096	0.0715332	0.0666504	0.0155356
8.0175362	0.0710449	0.0664062	0.0155358
8.0174627	0.0705566	0.0649414	0.0155360
8.0169363	0.0700684	0.0651855	0.0155374
8.0164404	0.0695801	0.0646973	0.0155387
8.0159454	0.0690918	0.0622559	0.0155400
8.0154505	0.0688477	0.0625000	0.0155413
8.0149469	0.0683594	0.0627441	0.0155426
8.0144444	0.0678711	0.0595703	0.0155439
8.0139837	0.0676270	0.0603027	0.0155451
8.0135231	0.0673828	0.0605469	0.0155463
8.0130529	0.0671387	0.0590820	0.0155476
8.0125818	0.0668945	0.0590820	0.0155488
8.0125647	0.0666504	0.0593262	0.0155489
8.0125465	0.0661621	0.0598145	0.0155489
8.0125294	0.0656738	0.0590820	0.0155489
8.0124960	0.0651855	0.0593262	0.0155490
8.0124693	0.0649414	0.0595703	0.0155491
8.0124435	0.0646973	0.0605469	0.0155492
8.0124168	0.0644531	0.0603027	0.0155492
8.0123672	0.0642090	0.0600586	0.0155494
8.0123272	0.0639648	0.0600586	0.0155495
8.0122881	0.0634766	0.0603027	0.0155496
8.0122480	0.0629883	0.0600586	0.0155497
8.0121775	0.0627441	0.0581055	0.0155499
8.0121069	0.0625000	0.0583496	0.0155501
8.0120516	0.0622559	0.0583496	0.0155502
8.0119972	0.0620117	0.0581055	0.0155503
8.0119429	0.0617676	0.0571289	0.0155505
8.0118570	0.0615234	0.0571289	0.0155507
8.0117941	0.0612793	0.0554199	0.0155509
8.0117311	0.0610352	0.0559082	0.0155510
8.0116692	0.0607910	0.0559082	0.0155512
8.0115709	0.0605469	0.0544434	0.0155515
8.0115032	0.0603027	0.0549316	0.0155516
8.0114365	0.0600586	0.0551758	0.0155518
8.0113688	0.0595703	0.0556641	0.0155520
8.0112581	0.0590820	0.0566406	0.0155523
8.0111475	0.0585937	0.0556641	0.0155526
8.0110693	0.0581055	0.0559082	0.0155528
8.0109911	0.0576172	0.0559082	0.0155530
8.0108643	0.0571289	0.0556641	0.0155533
8.0107365	0.0568848	0.0556641	0.0155536
8.0106449	0.0563965	0.0556641	0.0155539
8.0105534	0.0561523	0.0556641	0.0155541
8.0104618	0.0559082	0.0554199	0.0155544
8.0103140	0.0556641	0.0532227	0.0155548
8.0102081	0.0556641	0.0520020	0.0155550
8.0101023	0.0556641	0.0522461	0.0155553
8.0099974	0.0556641	0.0507812	0.0155556
8.0098352	0.0556641	0.0515137	0.0155560
8.0097218	0.0554199	0.0520020	0.0155563
8.0096083	0.0554199	0.0502930	0.0155566
8.0094948	0.0554199	0.0507812	0.0155569
8.0093241	0.0551758	0.0510254	0.0155574
8.0091524	0.0549316	0.0498047	0.0155578
8.0090380	0.0549316	0.0512695	0.0155581
8.0089245	0.0546875	0.0515137	0.0155584
8.0087547	0.0544434	0.0502930	0.0155588
8.0085850	0.0541992	0.0510254	0.0155593
8.0084724	0.0539551	0.0510254	0.0155596
8.0083599	0.0539551	0.0520020	0.0155599
8.0082464	0.0534668	0.0522461	0.0155602
8.0076485	0.0534668	0.0522461	0.0155618
8.0071087	0.0534668	0.0532227	0.0155632
8.0065689	0.0534668	0.0529785	0.0155646
8.0060291	0.0534668	0.0520020	0.0155660
8.0055122	0.0534668	0.0527344	0.0155674
8.0050497	0.0534668	0.0537109	0.0155686
8.0045872	0.0534668	0.0532227	0.0155698
8.0041256	0.0534668	0.0539551	0.0155710
8.0049658	0.0534668	0.0517578	0.0155688
8.0058060	0.0537109	0.0517578	0.0155666
8.0071316	0.0534668	0.0532227	0.0155631
8.0084581	0.0532227	0.0505371	0.0155596
8.0097847	0.0529785	0.0510254	0.0155561
8.0111122	0.0527344	0.0541992	0.0155527
8.0124168	0.0527344	0.0517578	0.0155492
8.0137234	0.0527344	0.0517578	0.0155458
8.0150290	0.0527344	0.0510254	0.0155424
8.0158834	0.0527344	0.0490723	0.0155402
8.0154314	0.0527344	0.0490723	0.0155413
8.0149794	0.0529785	0.0512695	0.0155425
8.0145273	0.0534668	0.0515137	0.0155437
8.0140457	0.0537109	0.0517578	0.0155450
8.0135641	0.0539551	0.0529785	0.0155462
8.0130816	0.0541992	0.0512695	0.0155475
8.0125999	0.0541992	0.0515137	0.0155488
8.0112696	0.0541992	0.0524902	0.0155522
8.0099411	0.0539551	0.0527344	0.0155557
8.0090637	0.0537109	0.0527344	0.0155580
8.0081863	0.0534668	0.0537109	0.0155603
8.0073099	0.0529785	0.0537109	0.0155626
8.0058308	0.0524902	0.0505371	0.0155665
8.0043821	0.0522461	0.0515137	0.0155703
8.0029345	0.0520020	0.0517578	0.0155741
8.0014868	0.0517578	0.0490723	0.0155779
7.9995761	0.0515137	0.0502930	0.0155830
7.9985108	0.0512695	0.0510254	0.0155858
7.9974461	0.0512695	0.0493164	0.0155886
7.9963813	0.0512695	0.0505371	0.0155914
7.9948792	0.0512695	0.0512695	0.0155953
7.9933772	0.0512695	0.0478516	0.0155993
7.9924765	0.0512695	0.0493164	0.0156017
7.9915762	0.0512695	0.0502930	0.0156040
7.9906759	0.0512695	0.0478516	0.0156064
7.9892454	0.0512695	0.0493164	0.0156102
7.9882784	0.0510254	0.0502930	0.0156127
7.9873114	0.0507812	0.0502930	0.0156153
7.9863443	0.0505371	0.0517578	0.0156178
7.9848561	0.0502930	0.0520020	0.0156218
7.9838052	0.0500488	0.0517578	0.0156245
7.9827542	0.0498047	0.0527344	0.0156273
7.9817033	0.0495605	0.0544434	0.0156301
7.9801879	0.0493164	0.0559082	0.0156341
7.9786730	0.0490723	0.0559082	0.0156381
7.9776869	0.0488281	0.0571289	0.0156407
7.9767013	0.0488281	0.0561523	0.0156433
7.9751368	0.0488281	0.0537109	0.0156475
7.9735727	0.0488281	0.0544434	0.0156516
7.9725294	0.0488281	0.0527344	0.0156544
7.9714866	0.0488281	0.0515137	0.0156571
7.9704442	0.0488281	0.0520020	0.0156599
7.9688792	0.0488281	0.0507812	0.0156640
7.9677782	0.0488281	0.0471191	0.0156669
7.9666777	0.0488281	0.0480957	0.0156699
7.9655776	0.0488281	0.0490723	0.0156728
7.9644909	0.0488281	0.0476074	0.0156757
7.9639826	0.0488281	0.0485840	0.0156770
7.9634738	0.0488281	0.0488281	0.0156784
7.9629655	0.0488281	0.0498047	0.0156797
7.9639282	0.0488281	0.0495605	0.0156772
7.9648914	0.0488281	0.0498047	0.0156746
7.9663773	0.0488281	0.0505371	0.0156707
7.9678636	0.0490723	0.0507812	0.0156667
7.9698491	0.0493164	0.0512695	0.0156615
7.9718356	0.0495605	0.0502930	0.0156562
7.9738092	0.0495605	0.0507812	0.0156510
7.9757838	0.0495605	0.0510254	0.0156457
7.9777598	0.0495605	0.0520020	0.0156405
7.9797311	0.0495605	0.0495605	0.0156353
7.9802256	0.0495605	0.0520020	0.0156340
7.9807200	0.0495605	0.0527344	0.0156327
7.9812150	0.0495605	0.0505371	0.0156314
7.9808073	0.0493164	0.0512695	0.0156325
7.9798999	0.0490723	0.0520020	0.0156349
7.9789925	0.0488281	0.0498047	0.0156373
7.9780855	0.0488281	0.0515137	0.0156397
7.9752622	0.0488281	0.0524902	0.0156471
7.9724402	0.0488281	0.0502930	0.0156546
7.9696264	0.0488281	0.0524902	0.0156620
7.9668140	0.0488281	0.0512695	0.0156695
7.9639826	0.0490723	0.0520020	0.0156770
7.9611535	0.0490723	0.0544434	0.0156845
7.9592233	0.0493164	0.0549316	0.0156897
7.9572940	0.0495605	0.0549316	0.0156948
7.9553661	0.0498047	0.0549316	0.0156999
7.9534092	0.0500488	0.0541992	0.0157051
7.9533587	0.0502930	0.0541992	0.0157052
7.9533081	0.0505371	0.0546875	0.0157054
7.9532580	0.0507812	0.0554199	0.0157055
7.9522109	0.0510254	0.0559082	0.0157083
7.9511847	0.0507812	0.0534668	0.0157110
7.9501591	0.0510254	0.0520020	0.0157138
7.9491339	0.0510254	0.0524902	0.0157165
7.9469118	0.0510254	0.0520020	0.0157224
7.9446907	0.0510254	0.0527344	0.0157283
7.9425006	0.0510254	0.0532227	0.0157342
7.9403119	0.0510254	0.0517578	0.0157400
7.9381242	0.0507812	0.0524902	0.0157459
7.9341354	0.0505371	0.0529785	0.0157565
7.9311419	0.0505371	0.0493164	0.0157645
7.9281507	0.0507812	0.0507812	0.0157725
7.9251614	0.0507812	0.0515137	0.0157805
7.9201608	0.0507812	0.0502930	0.0157939
7.9163537	0.0505371	0.0502930	0.0158042
7.9125504	0.0505371	0.0512695	0.0158144
7.9087505	0.0502930	0.0522461	0.0158246
7.9027891	0.0500488	0.0527344	0.0158406
7.8968368	0.0500488	0.0529785	0.0158567
7.8926759	0.0500488	0.0544434	0.0158679
7.8885193	0.0498047	0.0549316	0.0158792
7.8834157	0.0495605	0.0576172	0.0158930
7.8783188	0.0493164	0.0576172	0.0159068
7.8752189	0.0493164	0.0571289	0.0159152
7.8721209	0.0495605	0.0563965	0.0159236
7.8690257	0.0495605	0.0566406	0.0159320
7.8647189	0.0498047	0.0544434	0.0159437
7.8625584	0.0500488	0.0544434	0.0159496
7.8603992	0.0502930	0.0551758	0.0159555
7.8582416	0.0505371	0.0522461	0.0159613
7.8546920	0.0507812	0.0529785	0.0159710
7.8520894	0.0510254	0.0527344	0.0159781
7.8494887	0.0512695	0.0510254	0.0159852
7.8468895	0.0512695	0.0517578	0.0159923
7.8428683	0.0512695	0.0532227	0.0160033
7.8388515	0.0512695	0.0515137	0.0160143
7.8360434	0.0512695	0.0546875	0.0160220
7.8332376	0.0512695	0.0554199	0.0160297
7.8291750	0.0512695	0.0561523	0.0160408
7.8251171	0.0512695	0.0559082	0.0160520
7.8224440	0.0512695	0.0581055	0.0160593
7.8197727	0.0512695	0.0590820	0.0160667
7.8171034	0.0512695	0.0585937	0.0160740
7.8134031	0.0512695	0.0588379	0.0160842
7.8111181	0.0512695	0.0590820	0.0160905
7.8088346	0.0512695	0.0583496	0.0160968
7.8065519	0.0512695	0.0561523	0.0161031
7.8030996	0.0512695	0.0571289	0.0161126
7.8008990	0.0512695	0.0539551	0.0161187
7.7986999	0.0512695	0.0551758	0.0161248
7.7965021	0.0512695	0.0556641	0.0161309
7.7934618	0.0512695	0.0495605	0.0161393
7.7904243	0.0512695	0.0515137	0.0161477
7.7884150	0.0512695	0.0529785	0.0161533
7.7864060	0.0515137	0.0507812	0.0161589
7.7843990	0.0517578	0.0529785	0.0161644
7.7815313	0.0517578	0.0541992	0.0161724
7.7798305	0.0517578	0.0544434	0.0161771
7.7781301	0.0520020	0.0559082	0.0161819
7.7764301	0.0522461	0.0568848	0.0161866
7.7740798	0.0524902	0.0566406	0.0161931
7.7725692	0.0527344	0.0571289	0.0161973
7.7710590	0.0529785	0.0578613	0.0162015
7.7695498	0.0532227	0.0590820	0.0162057
7.7671652	0.0532227	0.0595703	0.0162124
7.7647820	0.0532227	0.0598145	0.0162190
7.7632575	0.0534668	0.0598145	0.0162233
7.7617331	0.0539551	0.0576172	0.0162276
7.7593822	0.0539551	0.0585937	0.0162341
7.7570329	0.0539551	0.0588379	0.0162407
7.7553329	0.0539551	0.0568848	0.0162454
7.7536345	0.0539551	0.0573730	0.0162502
7.7519360	0.0539551	0.0581055	0.0162549
7.7502151	0.0539551	0.0549316	0.0162598
7.7493663	0.0539551	0.0566406	0.0162621
7.7485180	0.0539551	0.0578613	0.0162645
7.7476697	0.0539551	0.0556641	0.0162669
7.7476997	0.0537109	0.0566406	0.0162668
7.7485542	0.0539551	0.0568848	0.0162644
7.7494092	0.0541992	0.0556641	0.0162620
7.7502642	0.0544434	0.0573730	0.0162596
7.7497439	0.0546875	0.0598145	0.0162611
7.7492242	0.0549316	0.0568848	0.0162625
7.7487278	0.0551758	0.0578613	0.0162639
7.7482314	0.0554199	0.0581055	0.0162653
7.7469425	0.0556641	0.0578613	0.0162689
7.7456536	0.0559082	0.0588379	0.0162726
7.7434878	0.0556641	0.0593262	0.0162786
7.7413235	0.0551758	0.0598145	0.0162847
7.7391605	0.0544434	0.0593262	0.0162908
7.7400303	0.0537109	0.0590820	0.0162883
7.7422729	0.0529785	0.0590820	0.0162820
7.7445164	0.0522461	0.0573730	0.0162757
7.7467613	0.0515137	0.0581055	0.0162694
7.7560449	0.0507812	0.0578613	0.0162435
7.7661476	0.0500488	0.0551758	0.0162152
7.7762766	0.0493164	0.0556641	0.0161870
7.7864323	0.0490723	0.0554199	0.0161588
7.7978487	0.0488281	0.0524902	0.0161272
7.8092990	0.0490723	0.0527344	0.0160955
7.8176875	0.0493164	0.0529785	0.0160724
7.8260937	0.0502930	0.0512695	0.0160493
7.8345175	0.0517578	0.0527344	0.0160262
7.8308229	0.0534668	0.0529785	0.0160363
7.8199644	0.0554199	0.0517578	0.0160661
7.8091359	0.0571289	0.0534668	0.0160960
7.7983375	0.0571289	0.0544434	0.0161258
7.7583928	0.0556641	0.0554199	0.0162369
7.7176485	0.0537109	0.0561523	0.0163514
7.6773338	0.0510254	0.0563965	0.0164659
7.6374454	0.0488281	0.0559082	0.0165804
7.5627379	0.0449219	0.0551758	0.0167981
7.4895234	0.0402832	0.0546875	0.0170159
7.4286346	0.0351562	0.0527344	0.0172004
7.3687787	0.0297852	0.0512695	0.0173849
7.2741184	0.0249023	0.0505371	0.0176833
7.1820412	0.0214844	0.0471191	0.0179817
7.1166172	0.0197754	0.0432129	0.0181989
7.0524974	0.0185547	0.0417480	0.0184160
6.9896555	0.0178223	0.0393066	0.0186332
6.8943400	0.0166016	0.0351562	0.0189712
6.8298850	0.0163574	0.0341797	0.0192058
6.7668180	0.0163574	0.0336914	0.0194405
6.7051082	0.0168457	0.0312500	0.0196752
6.6193900	0.0170898	0.0297852	0.0200099
6.5642781	0.0170898	0.0270996	0.0202307
6.5102835	0.0173340	0.0251465	0.0204515
6.4573827	0.0173340	0.0244141	0.0206724
6.3868055	0.0173340	0.0239258	0.0209742
6.3181758	0.0173340	0.0224609	0.0212760
6.2779255	0.0173340	0.0231934	0.0214570
6.2383456	0.0173340	0.0241699	0.0216380
6.1846280	0.0173340	0.0251465	0.0218887
6.1321449	0.0170898	0.0231934	0.0221393
6.1011863	0.0170898	0.0236816	0.0222900
6.0706573	0.0170898	0.0249023	0.0224406
6.0405517	0.0170898	0.0249023	0.0225912
5.9992414	0.0173340	0.0275879	0.0228014
5.9742494	0.0173340	0.0283203	0.0229306
5.9495554	0.0173340	0.0278320	0.0230597
5.9251552	0.0173340	0.0275879	0.0231889
5.8911881	0.0173340	0.0275879	0.0233713
5.8704705	0.0173340	0.0246582	0.0234841
5.8499680	0.0173340	0.0251465	0.0235969
5.8296790	0.0173340	0.0258789	0.0237097
5.8012376	0.0173340	0.0231934	0.0238699
5.7732158	0.0173340	0.0236816	0.0240300
5.7558246	0.0170898	0.0224609	0.0241306
5.7385950	0.0170898	0.0202637	0.0242312
5.7215252	0.0170898	0.0212402	0.0243318
5.6973271	0.0170898	0.0224609	0.0244760
5.6822300	0.0170898	0.0195312	0.0245670
5.6672597	0.0170898	0.0202637	0.0246580
5.6524153	0.0170898	0.0209961	0.0247489
5.6310682	0.0170898	0.0214844	0.0248811
5.6175027	0.0170898	0.0217285	0.0249660
5.6040435	0.0170898	0.0224609	0.0250508
5.5906897	0.0170898	0.0222168	0.0251357
5.5716033	0.0170898	0.0219727	0.0252581
5.5527325	0.0170898	0.0229492	0.0253806
5.5406995	0.0170898	0.0229492	0.0254594
5.5287538	0.0170898	0.0229492	0.0255382
5.5113449	0.0170898	0.0234375	0.0256541
5.4941225	0.0170898	0.0246582	0.0257700
5.4831219	0.0170898	0.0224609	0.0258446
5.4721971	0.0170898	0.0231934	0.0259193
5.4613476	0.0170898	0.0234375	0.0259940
5.4461641	0.0173340	0.0207520	0.0260994
5.4364748	0.0173340	0.0219727	0.0261672
5.4268460	0.0173340	0.0219727	0.0262350
5.4172783	0.0173340	0.0195312	0.0263028
5.4038939	0.0173340	0.0207520	0.0263984
5.3957620	0.0173340	0.0214844	0.0264568
5.3876743	0.0173340	0.0207520	0.0265153
5.3796301	0.0173340	0.0195312	0.0265738
5.3680606	0.0173340	0.0205078	0.0266584
5.3565817	0.0173340	0.0183105	0.0267431
5.3493137	0.0173340	0.0197754	0.0267970
5.3420820	0.0173340	0.0205078	0.0268510
5.3313813	0.0173340	0.0209961	0.0269313
5.3207598	0.0175781	0.0222168	0.0270116
5.3138523	0.0175781	0.0224609	0.0270642
5.3069782	0.0175781	0.0227051	0.0271168
5.3001375	0.0175781	0.0229492	0.0271693
5.2903056	0.0175781	0.0231934	0.0272453
5.2838993	0.0175781	0.0231934	0.0272951
5.2775226	0.0175781	0.0239258	0.0273450
5.2711754	0.0173340	0.0239258	0.0273948
5.2611208	0.0173340	0.0239258	0.0274741
5.2544484	0.0173340	0.0219727	0.0275271
5.2478085	0.0170898	0.0219727	0.0275801
5.2412014	0.0170898	0.0234375	0.0276331
5.2283731	0.0170898	0.0214844	0.0277368
5.2156668	0.0170898	0.0212402	0.0278404
5.2059169	0.0170898	0.0217285	0.0279207
5.1962395	0.0170898	0.0200195	0.0280009
5.1866336	0.0170898	0.0205078	0.0280811
5.1702356	0.0170898	0.0207520	0.0282194
5.1574898	0.0170898	0.0192871	0.0283282
5.1448712	0.0170898	0.0195312	0.0284370
5.1323795	0.0170898	0.0200195	0.0285457
5.1141729	0.0170898	0.0202637	0.0287063
5.1018667	0.0168457	0.0202637	0.0288161
5.0896859	0.0168457	0.0202637	0.0289260
5.0776281	0.0168457	0.0217285	0.0290359
5.0610046	0.0168457	0.0212402	0.0291892
5.0446162	0.0168457	0.0212402	0.0293425
5.0345564	0.0168457	0.0217285	0.0294377
5.0245843	0.0168457	0.0212402	0.0295329
5.0104294	0.0168457	0.0231934	0.0296695
4.9964523	0.0168457	0.0231934	0.0298061
4.9878592	0.0168457	0.0202637	0.0298910
4.9793334	0.0170898	0.0207520	0.0299759
4.9708743	0.0170898	0.0212402	0.0300607
4.9580522	0.0170898	0.0212402	0.0301906
4.9496045	0.0170898	0.0217285	0.0302771
4.9412241	0.0170898	0.0224609	0.0303635
4.9329109	0.0170898	0.0197754	0.0304500
4.9200139	0.0170898	0.0205078	0.0305855
4.9111519	0.0170898	0.0190430	0.0306796
4.9023671	0.0170898	0.0170898	0.0307737
4.8936586	0.0170898	0.0197754	0.0308678
4.8800659	0.0170898	0.0200195	0.0310164
4.8666587	0.0170898	0.0200195	0.0311649
4.8574262	0.0170898	0.0190430	0.0312684
4.8482819	0.0170898	0.0180664	0.0313719
4.8338728	0.0170898	0.0183105	0.0315371
4.8196826	0.0170898	0.0192871	0.0317022
4.8098369	0.0170898	0.0197754	0.0318183
4.8000965	0.0170898	0.0200195	0.0319344
4.7904606	0.0170898	0.0202637	0.0320504
4.7757754	0.0170898	0.0200195	0.0322298
4.7656918	0.0170898	0.0200195	0.0323547
4.7557244	0.0170898	0.0183105	0.0324796
4.7458720	0.0170898	0.0183105	0.0326045
4.7307329	0.0170898	0.0185547	0.0327992
4.7205410	0.0170898	0.0173340	0.0329324
4.7104740	0.0170898	0.0180664	0.0330655
4.7005305	0.0170898	0.0180664	0.0331986
4.6858344	0.0170898	0.0173340	0.0333985
4.6714077	0.0170898	0.0183105	0.0335983
4.6617007	0.0170898	0.0175781	0.0337349
4.6521158	0.0170898	0.0161133	0.0338715
4.6385717	0.0170898	0.0170898	0.0340674
4.6252718	0.0170898	0.0187988	0.0342634
4.6168404	0.0170898	0.0163574	0.0343895
4.6085072	0.0170898	0.0163574	0.0345156
4.6002703	0.0170898	0.0166016	0.0346418
4.5885077	0.0170898	0.0175781	0.0348245
4.5811419	0.0170898	0.0170898	0.0349405
4.5738554	0.0170898	0.0173340	0.0350564
4.5666466	0.0170898	0.0178223	0.0351724
4.5551395	0.0170898	0.0180664	0.0353602
4.5473881	0.0170898	0.0200195	0.0354886
4.5397282	0.0170898	0.0197754	0.0356170
4.5321593	0.0170898	0.0219727	0.0357453
4.5201459	0.0170898	0.0212402	0.0359523
4.5083604	0.0170898	0.0214844	0.0361592
4.4999390	0.0170898	0.0185547	0.0363095
4.4916339	0.0170898	0.0183105	0.0364599
4.4834437	0.0170898	0.0190430	0.0366102
4.4716649	0.0170898	0.0161133	0.0368302
4.4638648	0.0170898	0.0163574	0.0369783
4.4561710	0.0170898	0.0151367	0.0371265
4.4485826	0.0170898	0.0119629	0.0372747
4.4379172	0.0170898	0.0148926	0.0374864
4.4313154	0.0170898	0.0139160	0.0376196
4.4247947	0.0170898	0.0114746	0.0377528
4.4183540	0.0170898	0.0122070	0.0378859
4.4092731	0.0170898	0.0136719	0.0380766
4.4003510	0.0170898	0.0139160	0.0382672
4.3947687	0.0173340	0.0139160	0.0383882
4.3892484	0.0175781	0.0153809	0.0385092
4.3814425	0.0178223	0.0158691	0.0386826
4.3737617	0.0180664	0.0168457	0.0388561
4.3689594	0.0180664	0.0156250	0.0389660
4.3642054	0.0183105	0.0163574	0.0390759
4.3594999	0.0185547	0.0166016	0.0391857
4.3527942	0.0185547	0.0178223	0.0393443
4.3485689	0.0185547	0.0180664	0.0394454
4.3443828	0.0185547	0.0158691	0.0395465
4.3402357	0.0183105	0.0173340	0.0396476
4.3343749	0.0180664	0.0173340	0.0397922
4.3306808	0.0178223	0.0148926	0.0398843
4.3270187	0.0175781	0.0156250	0.0399764
4.3233876	0.0175781	0.0156250	0.0400685
4.3181968	0.0175781	0.0139160	0.0402015
4.3130698	0.0175781	0.0156250	0.0403346
4.3098507	0.0178223	0.0158691	0.0404189
4.3066568	0.0180664	0.0136719	0.0405033
4.3020301	0.0183105	0.0141602	0.0406267
4.2974563	0.0185547	0.0146484	0.0407501
4.2945199	0.0185547	0.0129395	0.0408301
4.2916050	0.0185547	0.0139160	0.0409101
4.2887120	0.0185547	0.0141602	0.0409901
4.2845225	0.0185547	0.0156250	0.0411069
4.2818246	0.0183105	0.0175781	0.0411829
4.2791457	0.0183105	0.0173340	0.0412588
4.2764859	0.0183105	0.0180664	0.0413347
4.2726836	0.0183105	0.0183105	0.0414442
4.2702575	0.0183105	0.0190430	0.0415146
4.2678471	0.0183105	0.0192871	0.0415851
4.2654524	0.0185547	0.0190430	0.0416555
4.2620077	0.0185547	0.0190430	0.0417577
4.2585955	0.0185547	0.0197754	0.0418598
4.2564325	0.0185547	0.0166016	0.0419250
4.2542830	0.0185547	0.0168457	0.0419903
4.2521462	0.0183105	0.0156250	0.0420555
4.2490807	0.0180664	0.0134277	0.0421498
4.2471194	0.0178223	0.0141602	0.0422106
4.2451696	0.0175781	0.0148926	0.0422713
4.2432308	0.0173340	0.0129395	0.0423321
4.2403970	0.0173340	0.0136719	0.0424215
4.2385807	0.0175781	0.0151367	0.0424792
4.2367744	0.0178223	0.0131836	0.0425369
4.2349772	0.0180664	0.0151367	0.0425946
4.2323804	0.0183105	0.0163574	0.0426785
4.2298036	0.0183105	0.0170898	0.0427625
4.2281294	0.0185547	0.0170898	0.0428174
4.2264633	0.0187988	0.0183105	0.0428722
4.2240930	0.0190430	0.0187988	0.0429508
4.2217398	0.0192871	0.0185547	0.0430294
4.2202530	0.0192871	0.0195312	0.0430794
4.2187734	0.0192871	0.0195312	0.0431293
4.2173004	0.0192871	0.0205078	0.0431793
4.2151737	0.0192871	0.0207520	0.0432518
4.2138238	0.0190430	0.0209961	0.0432981
4.2124801	0.0192871	0.0187988	0.0433444
4.2111421	0.0192871	0.0197754	0.0433907
4.2091932	0.0192871	0.0200195	0.0434584
4.2079329	0.0192871	0.0200195	0.0435025
4.2066774	0.0192871	0.0209961	0.0435465
4.2054276	0.0192871	0.0212402	0.0435906
4.2036386	0.0192871	0.0180664	0.0436539
4.2018600	0.0192871	0.0175781	0.0437173
4.2007208	0.0192871	0.0173340	0.0437581
4.1995864	0.0195312	0.0146484	0.0437988
4.1979442	0.0195312	0.0190430	0.0438581
4.1963115	0.0195312	0.0190430	0.0439174
4.1952748	0.0195312	0.0190430	0.0439552
4.1942420	0.0195312	0.0170898	0.0439930
4.1932125	0.0195312	0.0178223	0.0440308
4.1917048	0.0195312	0.0178223	0.0440864
4.1907244	0.0195312	0.0187988	0.0441227
4.1897473	0.0195312	0.0195312	0.0441590
4.1887736	0.0195312	0.0197754	0.0441953
4.1873364	0.0195312	0.0207520	0.0442491
4.1863966	0.0195312	0.0192871	0.0442844
4.1854606	0.0195312	0.0183105	0.0443197
4.1845269	0.0195312	0.0166016	0.0443551
4.1831784	0.0195312	0.0178223	0.0444063
4.1818361	0.0195312	0.0185547	0.0444575
4.1809640	0.0195312	0.0173340	0.0444910
4.1800947	0.0195312	0.0214844	0.0445244
4.1792278	0.0195312	0.0246582	0.0445578
4.1779833	0.0195312	0.0224609	0.0446060
4.1771941	0.0195312	0.0229492	0.0446367
4.1764069	0.0195312	0.0229492	0.0446673
4.1756220	0.0195312	0.0212402	0.0446980
4.1744809	0.0195312	0.0219727	0.0447427
4.1737485	0.0195312	0.0222168	0.0447716
4.1730180	0.0195312	0.0205078	0.0448004
4.1722889	0.0195312	0.0214844	0.0448292
4.1712508	0.0195312	0.0190430	0.0448704
4.1702166	0.0195312	0.0180664	0.0449116
4.1695547	0.0195312	0.0190430	0.0449381
4.1688943	0.0192871	0.0197754	0.0449645
4.1679392	0.0192871	0.0214844	0.0450029
4.1669874	0.0192871	0.0217285	0.0450413
4.1663871	0.0192871	0.0222168	0.0450656
4.1657877	0.0192871	0.0231934	0.0450898
4.1651893	0.0192871	0.0236816	0.0451141
4.1643209	0.0192871	0.0249023	0.0451495
4.1637578	0.0192871	0.0256348	0.0451725
4.1631961	0.0192871	0.0231934	0.0451955
4.1626353	0.0192871	0.0246582	0.0452185
4.1618385	0.0195312	0.0256348	0.0452513
4.1613326	0.0195312	0.0231934	0.0452721
4.1608276	0.0195312	0.0256348	0.0452930
4.1603236	0.0195312	0.0263672	0.0453139
4.1595354	0.0195312	0.0241699	0.0453466
4.1587496	0.0195312	0.0241699	0.0453793
4.1582313	0.0195312	0.0244141	0.0454009
4.1577139	0.0195312	0.0224609	0.0454225
4.1569629	0.0195312	0.0236816	0.0454540
4.1562142	0.0195312	0.0236816	0.0454855
4.1556997	0.0195312	0.0239258	0.0455072
4.1551862	0.0195312	0.0241699	0.0455288
4.1546731	0.0195312	0.0251465	0.0455505
4.1539373	0.0195312	0.0236816	0.0455818
4.1534815	0.0195312	0.0329590	0.0456011
4.1530266	0.0195312	0.0324707	0.0456205
4.1525726	0.0195312	0.0319824	0.0456399
4.1519232	0.0195312	0.0310059	0.0456676
4.1515050	0.0195312	0.0305176	0.0456855
4.1510878	0.0195312	0.0319824	0.0457035
4.1506710	0.0195312	0.0310059	0.0457214
4.1500649	0.0195312	0.0312500	0.0457475
4.1494603	0.0195312	0.0307617	0.0457736
4.1490774	0.0195312	0.0283203	0.0457901
4.1486950	0.0195312	0.0200195	0.0458067
4.1483135	0.0195312	0.0217285	0.0458233
4.1477208	0.0195312	0.0195312	0.0458491
4.1473217	0.0195312	0.0217285	0.0458664
4.1469231	0.0195312	0.0222168	0.0458838
4.1465254	0.0195312	0.0205078	0.0459012
4.1459560	0.0195312	0.0202637	0.0459262
4.1455741	0.0195312	0.0212402	0.0459429
4.1451931	0.0195312	0.0217285	0.0459597
4.1448121	0.0192871	0.0229492	0.0459764
4.1442695	0.0190430	0.0231934	0.0460004
4.1437273	0.0187988	0.0236816	0.0460243
4.1433945	0.0185547	0.0251465	0.0460391
4.1430621	0.0183105	0.0251465	0.0460538
4.1425629	0.0180664	0.0273437	0.0460760
4.1420650	0.0178223	0.0261230	0.0460981
4.1417379	0.0175781	0.0258789	0.0461127
4.1414108	0.0173340	0.0261230	0.0461273
4.1410842	0.0170898	0.0246582	0.0461419
4.1406174	0.0170898	0.0258789	0.0461628
4.1403117	0.0170898	0.0268555	0.0461765
4.1400065	0.0170898	0.0249023	0.0461902
4.1397018	0.0170898	0.0246582	0.0462039
4.1392765	0.0170898	0.0263672	0.0462231
4.1390162	0.0170898	0.0224609	0.0462348
4.1387558	0.0170898	0.0231934	0.0462466
4.1384959	0.0170898	0.0251465	0.0462583
4.1381245	0.0170898	0.0234375	0.0462751
4.1377535	0.0170898	0.0239258	0.0462920
4.1375222	0.0170898	0.0270996	0.0463025
4.1372905	0.0170898	0.0246582	0.0463130
4.1369371	0.0170898	0.0251465	0.0463290
4.1365848	0.0170898	0.0256348	0.0463451
4.1363521	0.0170898	0.0256348	0.0463557
4.1361198	0.0170898	0.0256348	0.0463663
4.1358876	0.0170898	0.0268555	0.0463769
4.1355348	0.0170898	0.0273437	0.0463931
4.1352930	0.0170898	0.0273437	0.0464042
4.1350517	0.0170898	0.0290527	0.0464152
4.1348104	0.0170898	0.0273437	0.0464263
4.1344638	0.0173340	0.0261230	0.0464422
4.1342378	0.0173340	0.0268555	0.0464526
4.1340117	0.0173340	0.0278320	0.0464630
4.1337862	0.0173340	0.0253906	0.0464734
4.1334743	0.0173340	0.0263672	0.0464878
4.1331630	0.0175781	0.0266113	0.0465022
4.1329713	0.0178223	0.0239258	0.0465111
4.1327801	0.0178223	0.0253906	0.0465200
4.1325026	0.0178223	0.0253906	0.0465328
4.1322255	0.0178223	0.0236816	0.0465457
4.1320539	0.0175781	0.0244141	0.0465537
4.1318822	0.0175781	0.0253906	0.0465616
4.1317105	0.0175781	0.0234375	0.0465696
4.1314201	0.0175781	0.0244141	0.0465831
4.1312160	0.0175781	0.0263672	0.0465927
4.1310115	0.0173340	0.0266113	0.0466022
4.1308074	0.0170898	0.0268555	0.0466117
4.1305389	0.0170898	0.0273437	0.0466243
4.1303563	0.0170898	0.0273437	0.0466328
4.1301737	0.0170898	0.0273437	0.0466414
4.1299911	0.0170898	0.0278320	0.0466500
4.1297011	0.0168457	0.0280762	0.0466636
4.1294122	0.0168457	0.0283203	0.0466771
4.1292410	0.0166016	0.0288086	0.0466852
4.1290703	0.0163574	0.0278320	0.0466932
4.1288290	0.0163574	0.0256348	0.0467046
4.1285877	0.0163574	0.0263672	0.0467160
4.1284108	0.0163574	0.0273437	0.0467243
4.1282339	0.0163574	0.0270996	0.0467327
4.1280575	0.0163574	0.0319824	0.0467410
4.1278176	0.0161133	0.0346680	0.0467524
4.1276846	0.0161133	0.0356445	0.0467587
4.1275516	0.0156250	0.0363770	0.0467650
4.1274185	0.0156250	0.0334473	0.0467713
4.1272154	0.0156250	0.0290527	0.0467809
4.1270823	0.0153809	0.0329590	0.0467872
4.1269498	0.0153809	0.0339355	0.0467935
4.1268172	0.0153809	0.0341797	0.0467998
4.1266227	0.0153809	0.0302734	0.0468091
4.1264281	0.0153809	0.0297852	0.0468183
4.1262965	0.0156250	0.0297852	0.0468246
4.1261649	0.0158691	0.0300293	0.0468309
4.1260338	0.0163574	0.0300293	0.0468371
4.1258407	0.0163574	0.0346680	0.0468463
4.1257176	0.0163574	0.0378418	0.0468522
4.1255946	0.0163574	0.0366211	0.0468581
4.1254711	0.0161133	0.0356445	0.0468640
4.1252933	0.0161133	0.0349121	0.0468725
4.1251769	0.0161133	0.0375977	0.0468781
4.1250601	0.0161133	0.0361328	0.0468837
4.1249442	0.0161133	0.0341797	0.0468893
4.1247587	0.0161133	0.0285645	0.0468981
4.1245737	0.0161133	0.0283203	0.0469070
4.1244502	0.0163574	0.0244141	0.0469130
4.1243267	0.0166016	0.0241699	0.0469189
4.1241589	0.0168457	0.0227051	0.0469270
4.1239905	0.0170898	0.0212402	0.0469351
4.1238775	0.0168457	0.0219727	0.0469405
4.1237645	0.0168457	0.0224609	0.0469460
4.1236510	0.0168457	0.0227051	0.0469514
4.1234722	0.0168457	0.0205078	0.0469601
4.1233621	0.0168457	0.0222168	0.0469654
4.1232514	0.0168457	0.0234375	0.0469707
4.1231413	0.0168457	0.0241699	0.0469760
4.1229663	0.0168457	0.0263672	0.0469845
4.1228352	0.0168457	0.0290527	0.0469908
4.1227045	0.0168457	0.0305176	0.0469972
4.1225739	0.0170898	0.0280762	0.0470035
4.1223974	0.0170898	0.0285645	0.0470121
4.1222210	0.0168457	0.0290527	0.0470206
4.1221099	0.0166016	0.0322266	0.0470260
4.1219988	0.0163574	0.0322266	0.0470314
4.1218352	0.0161133	0.0295410	0.0470393
4.1216717	0.0158691	0.0285645	0.0470473
4.1215730	0.0156250	0.0263672	0.0470521
4.1214747	0.0153809	0.0224609	0.0470569
4.1213760	0.0151367	0.0229492	0.0470617
4.1212306	0.0151367	0.0246582	0.0470688
4.1211309	0.0151367	0.0241699	0.0470737
4.1210313	0.0153809	0.0217285	0.0470785
4.1209316	0.0156250	0.0219727	0.0470834
4.1207871	0.0158691	0.0241699	0.0470904
4.1206946	0.0158691	0.0239258	0.0470949
4.1206026	0.0158691	0.0266113	0.0470994
4.1205106	0.0158691	0.0261230	0.0471039
4.1203837	0.0158691	0.0273437	0.0471102
4.1202569	0.0158691	0.0275879	0.0471164
4.1201773	0.0156250	0.0275879	0.0471203
4.1200972	0.0153809	0.0278320	0.0471242
4.1200171	0.0151367	0.0280762	0.0471281
4.1199369	0.0148926	0.0292969	0.0471320
4.1199021	0.0146484	0.0278320	0.0471338
4.1198673	0.0146484	0.0285645	0.0471355
4.1198320	0.0144043	0.0283203	0.0471372
4.1197257	0.0144043	0.0290527	0.0471424
4.1196537	0.0144043	0.0290527	0.0471459
4.1195817	0.0144043	0.0285645	0.0471495
4.1195102	0.0144043	0.0270996	0.0471530
4.1193929	0.0144043	0.0270996	0.0471588
4.1192756	0.0144043	0.0270996	0.0471645
4.1191587	0.0144043	0.0246582	0.0471703
4.1190419	0.0144043	0.0251465	0.0471760
4.1188722	0.0144043	0.0258789	0.0471844
4.1187024	0.0146484	0.0249023	0.0471927
4.1186042	0.0146484	0.0253906	0.0471976
4.1185060	0.0146484	0.0253906	0.0472024
4.1183677	0.0146484	0.0244141	0.0472093
4.1182299	0.0146484	0.0249023	0.0472161
4.1181374	0.0146484	0.0251465	0.0472206
4.1180449	0.0146484	0.0261230	0.0472252
4.1179523	0.0146484	0.0261230	0.0472298
4.1178088	0.0146484	0.0273437	0.0472369
4.1177177	0.0144043	0.0283203	0.0472414
4.1176267	0.0144043	0.0280762	0.0472459
4.1175356	0.0144043	0.0290527	0.0472504
4.1174192	0.0144043	0.0290527	0.0472562
4.1173425	0.0144043	0.0288086	0.0472600
4.1172662	0.0144043	0.0285645	0.0472638
4.1171894	0.0146484	0.0285645	0.0472676
4.1170759	0.0146484	0.0268555	0.0472733
4.1169624	0.0146484	0.0270996	0.0472789
4.1169004	0.0146484	0.0268555	0.0472820
4.1168380	0.0148926	0.0256348	0.0472851
4.1167760	0.0148926	0.0251465	0.0472882
4.1166801	0.0148926	0.0249023	0.0472929
4.1166096	0.0148926	0.0239258	0.0472964
4.1165390	0.0148926	0.0246582	0.0473000
4.1164689	0.0148926	0.0253906	0.0473035
4.1163964	0.0146484	0.0241699	0.0473071
4.1163607	0.0146484	0.0253906	0.0473088
4.1163249	0.0146484	0.0263672	0.0473106
4.1162891	0.0146484	0.0246582	0.0473124
4.1161799	0.0146484	0.0253906	0.0473179
4.1160703	0.0146484	0.0258789	0.0473233
4.1159945	0.0146484	0.0258789	0.0473271
4.1159186	0.0146484	0.0268555	0.0473309
4.1158414	0.0146484	0.0275879	0.0473348
4.1157646	0.0146484	0.0278320	0.0473386
4.1156893	0.0146484	0.0278320	0.0473424
4.1156144	0.0146484	0.0275879	0.0473461
4.1155391	0.0146484	0.0275879	0.0473499
4.1154413	0.0146484	0.0283203	0.0473548
4.1154170	0.0146484	0.0285645	0.0473560
4.1153932	0.0146484	0.0288086	0.0473572
4.1153688	0.0146484	0.0280762	0.0473584
4.1153183	0.0146484	0.0280762	0.0473609
4.1152687	0.0146484	0.0278320	0.0473634
4.1152196	0.0146484	0.0266113	0.0473659
4.1151705	0.0146484	0.0273437	0.0473683
4.1151190	0.0146484	0.0270996	0.0473709
4.1150680	0.0146484	0.0268555	0.0473735
4.1150398	0.0146484	0.0268555	0.0473749
4.1150112	0.0146484	0.0268555	0.0473763
4.1149406	0.0146484	0.0266113	0.0473799
4.1148701	0.0144043	0.0266113	0.0473834
4.1148262	0.0141602	0.0266113	0.0473856
4.1147819	0.0139160	0.0268555	0.0473878
4.1147380	0.0136719	0.0270996	0.0473900
4.1146693	0.0134277	0.0270996	0.0473935
4.1146026	0.0131836	0.0278320	0.0473968
4.1145353	0.0131836	0.0270996	0.0474002
4.1144686	0.0131836	0.0273437	0.0474036
4.1143751	0.0131836	0.0275879	0.0474083
4.1143241	0.0131836	0.0278320	0.0474108
4.1142726	0.0134277	0.0268555	0.0474134
4.1142216	0.0136719	0.0270996	0.0474160
4.1141424	0.0139160	0.0263672	0.0474200
4.1140633	0.0141602	0.0270996	0.0474240
4.1140084	0.0144043	0.0280762	0.0474267
4.1139541	0.0146484	0.0268555	0.0474295
4.1138997	0.0146484	0.0270996	0.0474322
4.1138158	0.0146484	0.0273437	0.0474364
4.1137586	0.0146484	0.0263672	0.0474393
4.1137013	0.0146484	0.0266113	0.0474422
4.1136441	0.0146484	0.0273437	0.0474451
4.1135640	0.0146484	0.0263672	0.0474492
4.1135120	0.0146484	0.0266113	0.0474518
4.1134601	0.0146484	0.0270996	0.0474544
4.1134081	0.0146484	0.0268555	0.0474570
4.1133552	0.0146484	0.0266113	0.0474597
4.1133022	0.0146484	0.0268555	0.0474624
4.1132789	0.0146484	0.0273437	0.0474636
4.1132555	0.0146484	0.0273437	0.0474648
4.1132092	0.0146484	0.0278320	0.0474671
4.1131635	0.0146484	0.0280762	0.0474694
4.1131401	0.0146484	0.0280762	0.0474706
4.1131163	0.0146484	0.0285645	0.0474718
4.1130929	0.0146484	0.0285645	0.0474730
4.1130700	0.0146484	0.0273437	0.0474741
4.1130481	0.0146484	0.0285645	0.0474752
4.1130261	0.0146484	0.0292969	0.0474764
4.1130042	0.0146484	0.0292969	0.0474775
4.1129570	0.0146484	0.0302734	0.0474798
4.1129327	0.0148926	0.0305176	0.0474811
4.1129079	0.0151367	0.0297852	0.0474823
4.1128836	0.0153809	0.0305176	0.0474836
4.1128583	0.0156250	0.0305176	0.0474849
4.1128330	0.0158691	0.0297852	0.0474861
4.1128073	0.0158691	0.0307617	0.0474874
4.1127815	0.0161133	0.0305176	0.0474887
4.1127548	0.0163574	0.0290527	0.0474901
4.1127276	0.0166016	0.0283203	0.0474915
4.1127257	0.0168457	0.0285645	0.0474916
4.1127243	0.0168457	0.0288086	0.0474917
4.1127224	0.0168457	0.0297852	0.0474917
4.1126976	0.0168457	0.0300293	0.0474930
4.1126728	0.0168457	0.0310059	0.0474942
4.1126485	0.0168457	0.0307617	0.0474955
4.1126242	0.0170898	0.0307617	0.0474967
4.1125989	0.0170898	0.0307617	0.0474980
4.1125746	0.0170898	0.0314941	0.0474992
4.1125503	0.0170898	0.0319824	0.0475005
4.1125259	0.0170898	0.0319824	0.0475017
4.1124773	0.0170898	0.0312500	0.0475042
4.1124282	0.0170898	0.0312500	0.0475067
4.1124024	0.0168457	0.0307617	0.0475080
4.1123767	0.0168457	0.0292969	0.0475093
4.1123495	0.0168457	0.0297852	0.0475107
4.1123223	0.0168457	0.0300293	0.0475121
4.1122961	0.0168457	0.0295410	0.0475134
4.1122699	0.0168457	0.0300293	0.0475147
4.1122437	0.0168457	0.0307617	0.0475160
4.1122155	0.0166016	0.0297852	0.0475175
4.1122122	0.0166016	0.0300293	0.0475176
4.1122088	0.0166016	0.0302734	0.0475178
4.1122055	0.0166016	0.0305176	0.0475180
4.1121664	0.0166016	0.0307617	0.0475200
4.1121292	0.0166016	0.0310059	0.0475219
4.1120920	0.0166016	0.0312500	0.0475238
4.1120543	0.0166016	0.0312500	0.0475257
4.1120167	0.0166016	0.0310059	0.0475276
4.1119790	0.0163574	0.0305176	0.0475295
4.1119428	0.0166016	0.0307617	0.0475313
4.1119070	0.0166016	0.0310059	0.0475332
4.1118698	0.0166016	0.0312500	0.0475350
4.1118331	0.0166016	0.0302734	0.0475369
4.1118317	0.0166016	0.0307617	0.0475370
4.1118298	0.0166016	0.0310059	0.0475371
4.1118283	0.0166016	0.0300293	0.0475372
4.1118255	0.0166016	0.0302734	0.0475373
4.1118231	0.0166016	0.0307617	0.0475374
4.1118212	0.0168457	0.0300293	0.0475375
4.1118188	0.0168457	0.0307617	0.0475376
4.1117868	0.0168457	0.0310059	0.0475393
4.1117558	0.0168457	0.0302734	0.0475409
4.1117244	0.0170898	0.0317383	0.0475425
4.1116934	0.0170898	0.0317383	0.0475440
4.1116614	0.0170898	0.0307617	0.0475457
4.1116300	0.0170898	0.0314941	0.0475473
4.1115994	0.0170898	0.0319824	0.0475488
4.1115685	0.0170898	0.0319824	0.0475504
4.1115379	0.0170898	0.0324707	0.0475520
4.1115065	0.0170898	0.0324707	0.0475536
4.1115046	0.0170898	0.0322266	0.0475537
4.1115031	0.0170898	0.0324707	0.0475537
4.1115017	0.0170898	0.0324707	0.0475538
4.1114988	0.0170898	0.0319824	0.0475540
4.1114964	0.0170898	0.0324707	0.0475541
4.1114941	0.0170898	0.0322266	0.0475542
4.1114917	0.0170898	0.0319824	0.0475543
4.1114640	0.0170898	0.0312500	0.0475557
4.1114359	0.0170898	0.0314941	0.0475572
4.1114087	0.0170898	0.0312500	0.0475585
4.1113820	0.0170898	0.0312500	0.0475599
4.1113539	0.0170898	0.0314941	0.0475613
4.1113262	0.0170898	0.0312500	0.0475628
4.1113000	0.0170898	0.0307617	0.0475641
4.1112733	0.0170898	0.0310059	0.0475655
4.1112471	0.0170898	0.0310059	0.0475668
4.1111960	0.0170898	0.0310059	0.0475694
4.1111703	0.0170898	0.0317383	0.0475707
4.1111450	0.0173340	0.0314941	0.0475720
4.1111193	0.0173340	0.0314941	0.0475733
4.1111150	0.0173340	0.0314941	0.0475736
4.1111112	0.0173340	0.0314941	0.0475737
4.1111073	0.0173340	0.0314941	0.0475739
4.1111035	0.0173340	0.0317383	0.0475741
4.1110802	0.0173340	0.0317383	0.0475753
4.1110563	0.0170898	0.0302734	0.0475765
4.1110573	0.0170898	0.0305176	0.0475765
4.1110587	0.0170898	0.0307617	0.0475764
4.1110597	0.0168457	0.0310059	0.0475764
4.1110611	0.0168457	0.0312500	0.0475763
4.1110411	0.0166016	0.0312500	0.0475773
4.1110210	0.0166016	0.0310059	0.0475783
4.1110015	0.0163574	0.0310059	0.0475794
4.1109805	0.0163574	0.0312500	0.0475804
4.1109791	0.0163574	0.0307617	0.0475805
4.1109781	0.0163574	0.0322266	0.0475805
4.1109767	0.0161133	0.0317383	0.0475806
4.1109557	0.0158691	0.0310059	0.0475817
4.1109347	0.0156250	0.0305176	0.0475828
4.1109138	0.0153809	0.0300293	0.0475838
4.1108928	0.0153809	0.0297852	0.0475849
4.1108727	0.0151367	0.0295410	0.0475859
4.1108527	0.0151367	0.0292969	0.0475870
4.1108341	0.0148926	0.0292969	0.0475879
4.1108150	0.0146484	0.0292969	0.0475889
4.1107965	0.0144043	0.0290527	0.0475898
4.1107783	0.0144043	0.0288086	0.0475908
4.1107807	0.0144043	0.0285645	0.0475906
4.1107826	0.0144043	0.0285645	0.0475905
4.1107845	0.0144043	0.0280762	0.0475904
4.1111937	0.0144043	0.0278320	0.0475695
4.1116023	0.0144043	0.0280762	0.0475487
4.1120119	0.0144043	0.0280762	0.0475278
4.1124220	0.0144043	0.0280762	0.0475070
4.1138730	0.0144043	0.0283203	0.0474336
4.1153345	0.0146484	0.0283203	0.0473601
4.1168041	0.0146484	0.0283203	0.0472868
4.1182842	0.0146484	0.0285645	0.0472134
4.1212096	0.0146484	0.0283203	0.0470698
4.1241741	0.0148926	0.0285645	0.0469262
4.1267405	0.0148926	0.0288086	0.0468035
4.1293364	0.0148926	0.0288086	0.0466807
4.1319623	0.0148926	0.0285645	0.0465579
4.1361909	0.0148926	0.0285645	0.0463631
4.1393270	0.0148926	0.0285645	0.0462208
4.1425047	0.0151367	0.0285645	0.0460786
4.1457248	0.0151367	0.0285645	0.0459363
4.1505332	0.0151367	0.0283203	0.0457273
4.1537790	0.0151367	0.0285645	0.0455885
4.1570663	0.0148926	0.0285645	0.0454497
4.1603966	0.0148926	0.0288086	0.0453108
4.1654644	0.0148926	0.0288086	0.0451030
4.1706305	0.0148926	0.0288086	0.0448951
4.1740603	0.0148926	0.0290527	0.0447593
4.1775331	0.0148926	0.0288086	0.0446235
4.1810503	0.0146484	0.0285645	0.0444877
4.1869702	0.0146484	0.0288086	0.0442628
4.1912069	0.0146484	0.0290527	0.0441048
4.1955056	0.0146484	0.0288086	0.0439467
4.1998682	0.0146484	0.0290527	0.0437887
4.2073302	0.0146484	0.0288086	0.0435236
4.2129674	0.0146484	0.0283203	0.0433276
4.2187080	0.0146484	0.0285645	0.0431315
4.2245541	0.0146484	0.0283203	0.0429355
4.2338085	0.0146484	0.0278320	0.0426323
4.2433271	0.0146484	0.0283203	0.0423291
4.2502155	0.0146484	0.0278320	0.0421148
4.2572417	0.0144043	0.0273437	0.0419006
4.2679605	0.0141602	0.0268555	0.0415817
4.2790012	0.0141602	0.0268555	0.0412629
4.2865181	0.0141602	0.0263672	0.0410511
4.2941842	0.0141602	0.0261230	0.0408393
4.3020020	0.0141602	0.0263672	0.0406275
4.3138156	0.0141602	0.0258789	0.0403151
4.3217630	0.0141602	0.0251465	0.0401100
4.3298635	0.0141602	0.0253906	0.0399048
4.3381195	0.0141602	0.0253906	0.0396996
4.3505821	0.0144043	0.0231934	0.0393971
4.3589263	0.0146484	0.0241699	0.0391992
4.3674245	0.0146484	0.0241699	0.0390013
4.3760805	0.0146484	0.0234375	0.0388034
4.3891263	0.0146484	0.0246582	0.0385119
4.4025297	0.0146484	0.0241699	0.0382203
4.4115086	0.0144043	0.0236816	0.0380293
4.4206476	0.0144043	0.0251465	0.0378383
4.4345446	0.0144043	0.0251465	0.0375542
4.4488125	0.0144043	0.0239258	0.0372701
4.4583988	0.0144043	0.0268555	0.0370834
4.4681530	0.0144043	0.0263672	0.0368966
4.4780774	0.0144043	0.0251465	0.0367099
4.4932089	0.0141602	0.0266113	0.0364312
4.5034723	0.0141602	0.0258789	0.0362462
4.5139136	0.0139160	0.0251465	0.0360612
4.5245357	0.0139160	0.0244141	0.0358762
4.5407171	0.0139160	0.0241699	0.0356003
4.5516686	0.0139160	0.0229492	0.0354175
4.5628071	0.0139160	0.0229492	0.0352347
4.5741358	0.0139160	0.0229492	0.0350520
4.5913668	0.0136719	0.0222168	0.0347798
4.6090384	0.0136719	0.0219727	0.0345076
4.6209912	0.0139160	0.0219727	0.0343273
4.6331453	0.0136719	0.0214844	0.0341470
4.6517091	0.0136719	0.0209961	0.0338773
4.6707425	0.0139160	0.0207520	0.0336076
4.6836276	0.0139160	0.0202637	0.0334288
4.6967278	0.0136719	0.0200195	0.0332500
4.7100472	0.0134277	0.0231934	0.0330712
4.7304544	0.0131836	0.0219727	0.0328029
4.7443452	0.0131836	0.0214844	0.0326240
4.7584686	0.0131836	0.0231934	0.0324451
4.7728281	0.0131836	0.0222168	0.0322661
4.7946887	0.0131836	0.0212402	0.0319994
4.8095274	0.0134277	0.0229492	0.0318219
4.8246121	0.0134277	0.0236816	0.0316445
4.8399472	0.0134277	0.0231934	0.0314671
4.8632073	0.0136719	0.0227051	0.0312035
4.8870435	0.0139160	0.0222168	0.0309399
4.9031081	0.0141602	0.0219727	0.0307657
4.9194341	0.0144043	0.0219727	0.0305916
4.9360261	0.0144043	0.0212402	0.0304175
4.9613643	0.0144043	0.0209961	0.0301569
4.9784985	0.0146484	0.0214844	0.0299842
4.9959087	0.0146484	0.0205078	0.0298115
5.0136003	0.0146484	0.0178223	0.0296388
5.0403452	0.0146484	0.0183105	0.0293828
5.0584331	0.0146484	0.0200195	0.0292131
5.0768075	0.0146484	0.0192871	0.0290434
5.0954738	0.0146484	0.0192871	0.0288737
5.1236186	0.0146484	0.0202637	0.0286227
5.1524262	0.0146484	0.0202637	0.0283717
5.1716743	0.0146484	0.0202637	0.0282072
5.1912179	0.0146484	0.0214844	0.0280427
5.2205367	0.0146484	0.0217285	0.0278006
5.2505217	0.0146484	0.0227051	0.0275585
5.2705669	0.0146484	0.0231934	0.0273995
5.2909102	0.0146484	0.0224609	0.0272406
5.3115554	0.0146484	0.0212402	0.0270817
5.3426166	0.0146484	0.0200195	0.0268470
5.3632970	0.0146484	0.0205078	0.0266935
5.3842735	0.0146484	0.0200195	0.0265400
5.4055510	0.0146484	0.0187988	0.0263865
5.4376516	0.0146484	0.0185547	0.0261589
5.4591684	0.0146484	0.0185547	0.0260091
5.4809871	0.0146484	0.0192871	0.0258592
5.5031104	0.0146484	0.0192871	0.0257093
5.5361686	0.0146484	0.0190430	0.0254892
5.5699086	0.0146484	0.0178223	0.0252691
5.5924001	0.0146484	0.0205078	0.0251248
5.6151948	0.0146484	0.0200195	0.0249805
5.6382966	0.0146484	0.0187988	0.0248362
5.6725645	0.0146484	0.0209961	0.0246256
5.6951437	0.0146484	0.0207520	0.0244891
5.7180104	0.0146484	0.0190430	0.0243526
5.7411690	0.0146484	0.0212402	0.0242161
5.7755833	0.0146484	0.0202637	0.0240164
5.7982340	0.0144043	0.0185547	0.0238869
5.8211579	0.0144043	0.0209961	0.0237574
5.8443584	0.0144043	0.0214844	0.0236280
5.8788314	0.0144043	0.0197754	0.0234384
5.9139152	0.0144043	0.0219727	0.0232489
5.9370694	0.0144043	0.0212402	0.0231256
5.9604897	0.0141602	0.0197754	0.0230023
5.9951124	0.0141602	0.0190430	0.0228226
6.0303164	0.0141602	0.0163574	0.0226429
6.0534530	0.0141602	0.0158691	0.0225264
6.0768409	0.0144043	0.0161133	0.0224099
6.1004829	0.0141602	0.0163574	0.0222934
6.1353374	0.0141602	0.0161133	0.0221239
6.1581306	0.0141602	0.0158691	0.0220145
6.1811562	0.0141602	0.0161133	0.0219051
6.2044168	0.0141602	0.0153809	0.0217957
6.2390356	0.0144043	0.0148926	0.0216349
6.2617860	0.0144043	0.0180664	0.0215305
6.2847571	0.0144043	0.0190430	0.0214261
6.3079519	0.0144043	0.0178223	0.0213217
6.3416800	0.0141602	0.0200195	0.0211717
6.3758807	0.0141602	0.0178223	0.0210217
6.3982553	0.0141602	0.0170898	0.0209246
6.4208322	0.0141602	0.0197754	0.0208276
6.4536285	0.0141602	0.0180664	0.0206882
6.4868512	0.0141602	0.0170898	0.0205488
6.5080466	0.0141602	0.0195312	0.0204608
6.5294156	0.0141602	0.0178223	0.0203728
6.5509596	0.0141602	0.0168457	0.0202848
6.5823846	0.0141602	0.0168457	0.0201577
6.6027246	0.0141602	0.0158691	0.0200762
6.6232181	0.0141602	0.0158691	0.0199947
6.6438675	0.0139160	0.0131836	0.0199133
6.6738968	0.0136719	0.0124512	0.0197959
6.6932569	0.0134277	0.0124512	0.0197209
6.7127519	0.0131836	0.0129395	0.0196459
6.7323833	0.0131836	0.0124512	0.0195708
6.7607517	0.0129395	0.0124512	0.0194634
6.7894044	0.0129395	0.0124512	0.0193559
6.8077855	0.0129395	0.0141602	0.0192875
6.8262839	0.0131836	0.0134277	0.0192191
6.8448997	0.0136719	0.0134277	0.0191507
6.8718519	0.0141602	0.0161133	0.0190525
6.8890786	0.0146484	0.0173340	0.0189901
6.9064054	0.0153809	0.0168457	0.0189278
6.9238324	0.0163574	0.0185547	0.0188654
6.9492579	0.0173340	0.0180664	0.0187751
6.9656534	0.0187988	0.0173340	0.0187173
6.9821372	0.0200195	0.0202637	0.0186595
6.9987097	0.0214844	0.0209961	0.0186016
7.0225415	0.0229492	0.0212402	0.0185190
7.0465569	0.0239258	0.0236816	0.0184364
7.0619893	0.0249023	0.0239258	0.0183836
7.0774970	0.0256348	0.0231934	0.0183309
7.0997281	0.0258789	0.0234375	0.0182557
7.1221147	0.0258789	0.0236816	0.0181805
7.1362543	0.0256348	0.0236816	0.0181332
7.1504560	0.0253906	0.0241699	0.0180860
7.1647196	0.0251465	0.0244141	0.0180388
7.1853123	0.0249023	0.0241699	0.0179710
7.1984434	0.0249023	0.0244141	0.0179280
7.2116265	0.0253906	0.0244141	0.0178849
7.2248626	0.0261230	0.0241699	0.0178419
7.2438993	0.0270996	0.0246582	0.0177803
7.2560582	0.0285645	0.0263672	0.0177412
7.2682614	0.0302734	0.0263672	0.0177021
7.2805095	0.0322266	0.0268555	0.0176629
7.2980189	0.0341797	0.0273437	0.0176072
7.3156195	0.0363770	0.0278320	0.0175515
7.3267622	0.0385742	0.0285645	0.0175164
7.3379412	0.0405273	0.0322266	0.0174812
7.3538480	0.0424805	0.0329590	0.0174314
7.3698282	0.0441895	0.0336914	0.0173817
7.3798914	0.0458984	0.0358887	0.0173504
7.3899832	0.0473633	0.0368652	0.0173192
7.4001045	0.0485840	0.0378418	0.0172880
7.4146523	0.0495605	0.0390625	0.0172432
7.4238420	0.0502930	0.0424805	0.0172151
7.4330554	0.0507812	0.0429687	0.0171869
7.4422927	0.0510254	0.0434570	0.0171587
7.4557357	0.0512695	0.0432129	0.0171179
7.4643812	0.0512695	0.0434570	0.0170917
7.4730477	0.0512695	0.0429687	0.0170655
7.4817352	0.0512695	0.0429687	0.0170393
7.4956732	0.0515137	0.0446777	0.0169974
7.5096645	0.0517578	0.0446777	0.0169555
7.5191770	0.0520020	0.0461426	0.0169272
7.5287147	0.0522461	0.0456543	0.0168988
7.5382771	0.0524902	0.0437012	0.0168704
7.5510211	0.0527344	0.0461426	0.0168327
7.5595016	0.0529785	0.0461426	0.0168077
7.5680017	0.0532227	0.0461426	0.0167826
7.5765214	0.0534668	0.0490723	0.0167576
7.5879493	0.0537109	0.0485840	0.0167242
7.5940328	0.0537109	0.0488281	0.0167064
7.6001267	0.0539551	0.0505371	0.0166886
7.6062307	0.0539551	0.0493164	0.0166708
7.6148825	0.0539551	0.0493164	0.0166457
7.6235542	0.0539551	0.0498047	0.0166205
7.6290202	0.0539551	0.0493164	0.0166047
7.6344938	0.0537109	0.0490723	0.0165889
7.6422143	0.0534668	0.0478516	0.0165666
7.6499505	0.0532227	0.0478516	0.0165443
7.6547604	0.0529785	0.0478516	0.0165305
7.6595759	0.0527344	0.0476074	0.0165167
7.6643982	0.0522461	0.0476074	0.0165029
7.6712375	0.0520020	0.0483398	0.0164833
7.6755080	0.0517578	0.0471191	0.0164711
7.6797838	0.0515137	0.0490723	0.0164589
7.6840639	0.0510254	0.0461426	0.0164467
7.6901116	0.0507812	0.0454102	0.0164295
7.6938977	0.0505371	0.0480957	0.0164187
7.6976876	0.0502930	0.0451660	0.0164079
7.7014818	0.0498047	0.0444336	0.0163971
7.7068505	0.0495605	0.0454102	0.0163819
7.7122273	0.0493164	0.0451660	0.0163667
7.7155757	0.0488281	0.0446777	0.0163572
7.7189269	0.0483398	0.0468750	0.0163478
7.7222810	0.0478516	0.0473633	0.0163383
7.7270446	0.0476074	0.0483398	0.0163249
7.7300329	0.0473633	0.0500488	0.0163164
7.7330236	0.0471191	0.0488281	0.0163080
7.7360163	0.0468750	0.0493164	0.0162996
7.7402658	0.0468750	0.0480957	0.0162877
7.7429333	0.0466309	0.0468750	0.0162802
7.7456026	0.0463867	0.0471191	0.0162727
7.7482738	0.0463867	0.0454102	0.0162652
7.7520609	0.0463867	0.0449219	0.0162546
7.7558513	0.0461426	0.0432129	0.0162440
7.7582269	0.0461426	0.0429687	0.0162374
7.7606039	0.0461426	0.0424805	0.0162307
7.7640080	0.0461426	0.0415039	0.0162212
7.7674146	0.0461426	0.0415039	0.0162117
7.7695603	0.0461426	0.0434570	0.0162057
7.7717071	0.0461426	0.0419922	0.0161997
7.7738552	0.0461426	0.0407715	0.0161938
7.7769160	0.0461426	0.0417480	0.0161852
7.7788572	0.0461426	0.0410156	0.0161798
7.7807994	0.0463867	0.0410156	0.0161744
7.7827430	0.0463867	0.0434570	0.0161690
7.7854738	0.0463867	0.0424805	0.0161615
7.7871742	0.0463867	0.0419922	0.0161567
7.7888761	0.0463867	0.0441895	0.0161520
7.7905784	0.0463867	0.0432129	0.0161473
7.7930269	0.0463867	0.0427246	0.0161405
7.7954769	0.0463867	0.0427246	0.0161337
7.7970123	0.0463867	0.0437012	0.0161295
7.7985482	0.0463867	0.0405273	0.0161252
7.8007193	0.0466309	0.0395508	0.0161192
7.8028917	0.0468750	0.0388184	0.0161132
7.8042750	0.0471191	0.0388184	0.0161094
7.8056583	0.0473633	0.0393066	0.0161056
7.8070426	0.0476074	0.0390625	0.0161018
7.8089476	0.0478516	0.0393066	0.0160965
7.8101044	0.0480957	0.0395508	0.0160933
7.8112617	0.0483398	0.0407715	0.0160901
7.8124189	0.0485840	0.0407715	0.0160869
7.8140569	0.0488281	0.0437012	0.0160824
7.8150578	0.0488281	0.0456543	0.0160796
7.8160586	0.0488281	0.0449219	0.0160769
7.8170600	0.0488281	0.0439453	0.0160741
7.8185124	0.0488281	0.0451660	0.0160701
7.8199654	0.0488281	0.0444336	0.0160661
7.8208966	0.0488281	0.0429687	0.0160636
7.8218284	0.0485840	0.0449219	0.0160610
7.8227601	0.0485840	0.0439453	0.0160585
7.8240876	0.0483398	0.0437012	0.0160548
7.8249340	0.0480957	0.0451660	0.0160525
7.8257809	0.0478516	0.0449219	0.0160501
7.8266282	0.0476074	0.0444336	0.0160478
7.8279309	0.0473633	0.0434570	0.0160442
7.8287816	0.0471191	0.0432129	0.0160419
7.8296328	0.0468750	0.0427246	0.0160396
7.8304844	0.0466309	0.0393066	0.0160372
7.8362598	0.0466309	0.0380859	0.0160214
7.8420444	0.0463867	0.0383301	0.0160056
7.8474393	0.0463867	0.0390625	0.0159908
7.8528419	0.0463867	0.0383301	0.0159761
7.8612266	0.0463867	0.0383301	0.0159532
7.8696284	0.0463867	0.0375977	0.0159304
7.8775878	0.0463867	0.0407715	0.0159088
7.8855624	0.0466309	0.0397949	0.0158872
7.8935533	0.0468750	0.0390625	0.0158656
7.9026923	0.0471191	0.0427246	0.0158409
7.9068336	0.0473633	0.0434570	0.0158297
7.9109793	0.0476074	0.0419922	0.0158186
7.9151287	0.0478516	0.0439453	0.0158074
7.9198031	0.0480957	0.0429687	0.0157949
7.9214611	0.0483398	0.0419922	0.0157904
7.9231195	0.0483398	0.0441895	0.0157860
7.9247789	0.0483398	0.0427246	0.0157816
7.9264421	0.0480957	0.0419922	0.0157771
7.9281058	0.0480957	0.0417480	0.0157726
7.9286308	0.0480957	0.0429687	0.0157712
7.9291558	0.0480957	0.0417480	0.0157698
7.9292259	0.0480957	0.0417480	0.0157696
7.9292955	0.0480957	0.0405273	0.0157695
7.9288440	0.0480957	0.0402832	0.0157707
7.9283924	0.0478516	0.0405273	0.0157719
7.9279408	0.0478516	0.0400391	0.0157731
7.9268198	0.0480957	0.0397949	0.0157761
7.9256954	0.0480957	0.0385742	0.0157791
7.9245715	0.0478516	0.0402832	0.0157821
7.9234481	0.0476074	0.0400391	0.0157851
7.9217463	0.0473633	0.0400391	0.0157897
7.9204988	0.0471191	0.0415039	0.0157930
7.9192519	0.0468750	0.0400391	0.0157964
7.9180050	0.0466309	0.0383301	0.0157997
7.9162450	0.0466309	0.0395508	0.0158044
7.9144859	0.0466309	0.0388184	0.0158092
7.9133945	0.0463867	0.0388184	0.0158121
7.9123039	0.0463867	0.0417480	0.0158150
7.9112129	0.0463867	0.0410156	0.0158180
7.9096212	0.0463867	0.0405273	0.0158222
7.9086070	0.0463867	0.0395508	0.0158250
7.9075928	0.0463867	0.0393066	0.0158277
7.9065790	0.0463867	0.0393066	0.0158304
7.9051113	0.0463867	0.0417480	0.0158344
7.9041557	0.0463867	0.0412598	0.0158370
7.9032006	0.0463867	0.0400391	0.0158395
7.9022460	0.0463867	0.0390625	0.0158421
7.9009123	0.0463867	0.0390625	0.0158457
7.8995790	0.0463867	0.0390625	0.0158493
7.8987465	0.0463867	0.0424805	0.0158515
7.8979139	0.0463867	0.0434570	0.0158538
7.8970470	0.0463867	0.0422363	0.0158561
7.8961802	0.0461426	0.0407715	0.0158585
7.8957672	0.0461426	0.0427246	0.0158596
7.8953538	0.0461426	0.0422363	0.0158607
7.8949409	0.0461426	0.0419922	0.0158618
7.8938913	0.0461426	0.0437012	0.0158646
7.8932204	0.0461426	0.0429687	0.0158665
7.8925500	0.0461426	0.0417480	0.0158683
7.8918791	0.0461426	0.0393066	0.0158701
7.8911810	0.0461426	0.0390625	0.0158720
7.8905177	0.0461426	0.0385742	0.0158738
7.8898540	0.0463867	0.0407715	0.0158755
7.8891907	0.0463867	0.0397949	0.0158773
7.8880429	0.0463867	0.0385742	0.0158804
7.8868952	0.0463867	0.0385742	0.0158836
7.8863831	0.0463867	0.0378418	0.0158849
7.8858709	0.0463867	0.0371094	0.0158863
7.8853383	0.0463867	0.0371094	0.0158878
7.8848052	0.0463867	0.0373535	0.0158892
7.8843002	0.0463867	0.0371094	0.0158906
7.8837948	0.0463867	0.0373535	0.0158919
7.8832898	0.0463867	0.0371094	0.0158933
7.8823962	0.0463867	0.0354004	0.0158957
7.8819866	0.0463867	0.0358887	0.0158968
7.8815770	0.0463867	0.0375977	0.0158979
7.8811674	0.0463867	0.0375977	0.0158991
7.8807411	0.0463867	0.0378418	0.0159002
7.8803358	0.0463867	0.0388184	0.0159013
7.8799305	0.0463867	0.0378418	0.0159024
7.8795252	0.0463867	0.0380859	0.0159035
7.8790894	0.0463867	0.0400391	0.0159047
7.8786535	0.0463867	0.0393066	0.0159059
7.8786063	0.0466309	0.0393066	0.0159060
7.8785591	0.0468750	0.0424805	0.0159061
7.8785114	0.0468750	0.0417480	0.0159063
7.8780708	0.0468750	0.0412598	0.0159074
7.8776469	0.0468750	0.0405273	0.0159086
7.8772230	0.0468750	0.0405273	0.0159097
7.8767991	0.0468750	0.0402832	0.0159109
7.8763638	0.0468750	0.0402832	0.0159121
7.8759589	0.0468750	0.0410156	0.0159132
7.8755541	0.0468750	0.0407715	0.0159143
7.8751493	0.0466309	0.0393066	0.0159154
7.8747244	0.0463867	0.0388184	0.0159165
7.8742990	0.0463867	0.0385742	0.0159177
7.8742671	0.0463867	0.0368652	0.0159178
7.8742352	0.0463867	0.0373535	0.0159179
7.8741732	0.0463867	0.0358887	0.0159180
7.8741107	0.0463867	0.0449219	0.0159182
7.8740602	0.0463867	0.0422363	0.0159183
7.8740096	0.0463867	0.0407715	0.0159185
7.8739586	0.0461426	0.0407715	0.0159186
7.8738708	0.0461426	0.0437012	0.0159188
7.8738036	0.0461426	0.0395508	0.0159190
7.8737364	0.0461426	0.0383301	0.0159192
7.8736687	0.0463867	0.0385742	0.0159194
7.8735585	0.0466309	0.0383301	0.0159197
7.8734779	0.0468750	0.0383301	0.0159199
7.8733978	0.0471191	0.0324707	0.0159201
7.8733177	0.0471191	0.0356445	0.0159203
7.8731899	0.0471191	0.0358887	0.0159207
7.8730621	0.0473633	0.0346680	0.0159210
7.8729715	0.0473633	0.0327148	0.0159213
7.8728809	0.0471191	0.0332031	0.0159215
7.8727384	0.0471191	0.0346680	0.0159219
7.8725963	0.0468750	0.0361328	0.0159223
7.8724971	0.0466309	0.0363770	0.0159226
7.8723974	0.0463867	0.0368652	0.0159228
7.8722982	0.0461426	0.0334473	0.0159231
7.8721418	0.0461426	0.0329590	0.0159235
7.8720326	0.0461426	0.0317383	0.0159238
7.8719234	0.0461426	0.0354004	0.0159241
7.8718147	0.0461426	0.0354004	0.0159244
7.8716440	0.0463867	0.0368652	0.0159249
7.8715253	0.0463867	0.0388184	0.0159252
7.8714066	0.0463867	0.0393066	0.0159255
7.8712878	0.0463867	0.0388184	0.0159259
7.8711047	0.0463867	0.0400391	0.0159263
7.8709211	0.0463867	0.0400391	0.0159268
7.8707952	0.0463867	0.0402832	0.0159272
7.8706694	0.0463867	0.0415039	0.0159275
7.8705430	0.0463867	0.0393066	0.0159279
7.8703613	0.0463867	0.0395508	0.0159284
7.8702412	0.0463867	0.0383301	0.0159287
7.8701210	0.0463867	0.0378418	0.0159290
7.8700008	0.0463867	0.0375977	0.0159293
7.8698320	0.0463867	0.0380859	0.0159298
7.8697281	0.0463867	0.0380859	0.0159301
7.8696241	0.0463867	0.0383301	0.0159304
7.8695197	0.0463867	0.0378418	0.0159307
7.8693762	0.0463867	0.0375977	0.0159310
7.8692322	0.0463867	0.0375977	0.0159314
7.8691440	0.0463867	0.0375977	0.0159317
7.8690557	0.0463867	0.0390625	0.0159319
7.8689342	0.0463867	0.0383301	0.0159322
7.8688121	0.0463867	0.0380859	0.0159326
7.8687382	0.0463867	0.0388184	0.0159328
7.8686647	0.0463867	0.0383301	0.0159330
7.8685913	0.0463867	0.0380859	0.0159332
7.8684883	0.0463867	0.0397949	0.0159335
7.8684249	0.0463867	0.0388184	0.0159336
7.8683615	0.0463867	0.0375977	0.0159338
7.8682985	0.0463867	0.0375977	0.0159340
7.8682089	0.0463867	0.0368652	0.0159342
7.8681536	0.0463867	0.0354004	0.0159344
7.8680978	0.0463867	0.0375977	0.0159345
7.8680425	0.0463867	0.0371094	0.0159347
7.8679624	0.0463867	0.0378418	0.0159349
7.8678827	0.0463867	0.0375977	0.0159351
7.8678322	0.0463867	0.0363770	0.0159352
7.8677816	0.0463867	0.0366211	0.0159354
7.8677125	0.0463867	0.0371094	0.0159356
7.8676434	0.0463867	0.0378418	0.0159358
7.8676000	0.0463867	0.0375977	0.0159359
7.8675570	0.0463867	0.0380859	0.0159360
7.8675141	0.0463867	0.0375977	0.0159361
7.8674593	0.0463867	0.0375977	0.0159363
7.8674293	0.0463867	0.0366211	0.0159363
7.8673987	0.0463867	0.0373535	0.0159364
7.8673682	0.0463867	0.0373535	0.0159365
7.8673286	0.0463867	0.0368652	0.0159366
7.8673072	0.0463867	0.0388184	0.0159367
7.8672862	0.0463867	0.0383301	0.0159367
7.8672652	0.0463867	0.0385742	0.0159368
7.8672347	0.0463867	0.0498047	0.0159369
