18.9439335	0.0063477	0.0053711	0.0015616
16.9217262	0.0126953	0.0131836	0.0031185
15.1713438	0.0192871	0.0058594	0.0046753
13.6562481	0.0258789	0.0019531	0.0062322
12.3448114	0.0324707	0.0002441	0.0077891
11.2096586	0.0390625	0.0002441	0.0093459
10.2286968	0.0456543	0.0009766	0.0109000
9.3793821	0.0522461	0.0029297	0.0124542
8.6440449	0.0588379	0.0051270	0.0140083
8.0073910	0.0656738	0.0078125	0.0155624
8.0108700	0.0659180	0.0056152	0.0155533
8.0125456	0.0664062	0.0012207	0.0155489
8.0142221	0.0666504	0.0124512	0.0155445
8.0158987	0.0668945	0.0202637	0.0155401
8.0179739	0.0671387	0.0258789	0.0155347
8.0200500	0.0673828	0.0300293	0.0155292
8.0210819	0.0676270	0.0336914	0.0155265
8.0221148	0.0678711	0.0361328	0.0155238
8.0231476	0.0681152	0.0383301	0.0155211
8.0242071	0.0681152	0.0405273	0.0155184
8.0246315	0.0683594	0.0419922	0.0155173
8.0250568	0.0683594	0.0432129	0.0155161
8.0254812	0.0683594	0.0441895	0.0155150
8.0263138	0.0686035	0.0451660	0.0155129
8.0267477	0.0686035	0.0461426	0.0155117
8.0271816	0.0686035	0.0468750	0.0155106
8.0276165	0.0686035	0.0473633	0.0155095
8.0280590	0.0686035	0.0480957	0.0155083
8.0285025	0.0686035	0.0488281	0.0155071
8.0289202	0.0688477	0.0493164	0.0155060
8.0293369	0.0690918	0.0498047	0.0155050
8.0297728	0.0690918	0.0505371	0.0155038
8.0302095	0.0693359	0.0510254	0.0155027
8.0302372	0.0693359	0.0512695	0.0155026
8.0302649	0.0693359	0.0515137	0.0155025
8.0302935	0.0693359	0.0517578	0.0155025
8.0303459	0.0693359	0.0524902	0.0155023
8.0303888	0.0693359	0.0524902	0.0155022
8.0304327	0.0693359	0.0527344	0.0155021
8.0304756	0.0690918	0.0529785	0.0155020
8.0305452	0.0688477	0.0532227	0.0155018
8.0305958	0.0688477	0.0532227	0.0155017
8.0306454	0.0688477	0.0537109	0.0155015
8.0306959	0.0688477	0.0539551	0.0155014
8.0307703	0.0688477	0.0541992	0.0155012
8.0308456	0.0690918	0.0549316	0.0155010
8.0308952	0.0690918	0.0549316	0.0155009
8.0309458	0.0690918	0.0551758	0.0155008
8.0309954	0.0690918	0.0559082	0.0155006
8.0310640	0.0690918	0.0559082	0.0155004
8.0311060	0.0690918	0.0559082	0.0155003
8.0311480	0.0690918	0.0568848	0.0155002
8.0311899	0.0688477	0.0568848	0.0155001
8.0312386	0.0686035	0.0568848	0.0155000
8.0312624	0.0686035	0.0568848	0.0154999
8.0312872	0.0683594	0.0568848	0.0154999
8.0313110	0.0683594	0.0573730	0.0154998
8.0313263	0.0683594	0.0576172	0.0154998
8.0313425	0.0683594	0.0576172	0.0154997
8.0313406	0.0683594	0.0576172	0.0154997
8.0313377	0.0683594	0.0578613	0.0154997
8.0313120	0.0683594	0.0578613	0.0154998
8.0312853	0.0683594	0.0578613	0.0154999
8.0312538	0.0683594	0.0581055	0.0155000
8.0312214	0.0683594	0.0590820	0.0155000
8.0311890	0.0683594	0.0590820	0.0155001
8.0306711	0.0683594	0.0590820	0.0155015
8.0301619	0.0683594	0.0598145	0.0155028
8.0296526	0.0683594	0.0595703	0.0155041
8.0291433	0.0683594	0.0595703	0.0155055
8.0286188	0.0683594	0.0603027	0.0155068
8.0281172	0.0683594	0.0598145	0.0155081
8.0276165	0.0683594	0.0598145	0.0155094
8.0271158	0.0683594	0.0605469	0.0155108
8.0265837	0.0683594	0.0600586	0.0155121
8.0260506	0.0683594	0.0595703	0.0155135
8.0260029	0.0683594	0.0595703	0.0155137
8.0259552	0.0683594	0.0595703	0.0155138
8.0254536	0.0683594	0.0598145	0.0155151
8.0249519	0.0683594	0.0595703	0.0155164
8.0244665	0.0683594	0.0593262	0.0155177
8.0239801	0.0683594	0.0595703	0.0155190
8.0234938	0.0683594	0.0593262	0.0155202
8.0229864	0.0683594	0.0593262	0.0155216
8.0225105	0.0683594	0.0593262	0.0155228
8.0220346	0.0683594	0.0595703	0.0155240
8.0215597	0.0683594	0.0603027	0.0155253
8.0206232	0.0683594	0.0603027	0.0155277
8.0201416	0.0683594	0.0598145	0.0155290
8.0196590	0.0683594	0.0607910	0.0155303
8.0191774	0.0683594	0.0610352	0.0155315
8.0186625	0.0683594	0.0605469	0.0155329
8.0181475	0.0683594	0.0617676	0.0155342
8.0176554	0.0683594	0.0610352	0.0155355
8.0171623	0.0681152	0.0610352	0.0155368
8.0166702	0.0678711	0.0625000	0.0155381
8.0154076	0.0676270	0.0620117	0.0155414
8.0146055	0.0673828	0.0612793	0.0155435
8.0138035	0.0671387	0.0625000	0.0155456
8.0130005	0.0668945	0.0620117	0.0155477
8.0114098	0.0666504	0.0615234	0.0155519
8.0098524	0.0664062	0.0612793	0.0155560
8.0082960	0.0661621	0.0585937	0.0155601
8.0067396	0.0659180	0.0588379	0.0155641
8.0042095	0.0659180	0.0585937	0.0155708
8.0016804	0.0659180	0.0573730	0.0155774
7.9999208	0.0659180	0.0576172	0.0155821
7.9981613	0.0659180	0.0588379	0.0155867
7.9954705	0.0659180	0.0583496	0.0155938
7.9927812	0.0659180	0.0590820	0.0156009
7.9908781	0.0659180	0.0588379	0.0156059
7.9889760	0.0656738	0.0607910	0.0156109
7.9870749	0.0656738	0.0627441	0.0156159
7.9842896	0.0656738	0.0625000	0.0156233
7.9824748	0.0656738	0.0629883	0.0156280
7.9806609	0.0654297	0.0639648	0.0156328
7.9788475	0.0654297	0.0632324	0.0156376
7.9762754	0.0654297	0.0649414	0.0156444
7.9746323	0.0651855	0.0646973	0.0156488
7.9729900	0.0651855	0.0634766	0.0156531
7.9713483	0.0649414	0.0656738	0.0156575
7.9690299	0.0649414	0.0639648	0.0156636
7.9667130	0.0646973	0.0627441	0.0156698
7.9652781	0.0644531	0.0622559	0.0156736
7.9638438	0.0642090	0.0637207	0.0156774
7.9618444	0.0642090	0.0632324	0.0156827
7.9598460	0.0639648	0.0629883	0.0156880
7.9586053	0.0637207	0.0598145	0.0156913
7.9573646	0.0637207	0.0605469	0.0156946
7.9561243	0.0634766	0.0605469	0.0156979
7.9543538	0.0634766	0.0605469	0.0157026
7.9532590	0.0634766	0.0617676	0.0157055
7.9521642	0.0634766	0.0627441	0.0157084
7.9510694	0.0634766	0.0649414	0.0157113
7.9495153	0.0634766	0.0642090	0.0157155
7.9485254	0.0634766	0.0639648	0.0157181
7.9475360	0.0634766	0.0659180	0.0157207
7.9465470	0.0634766	0.0673828	0.0157234
7.9455233	0.0634766	0.0666504	0.0157261
7.9445000	0.0634766	0.0688477	0.0157288
7.9440064	0.0632324	0.0678711	0.0157302
7.9435124	0.0632324	0.0666504	0.0157315
7.9425254	0.0632324	0.0686035	0.0157341
7.9415383	0.0629883	0.0681152	0.0157367
7.9410105	0.0629883	0.0659180	0.0157381
7.9404831	0.0629883	0.0651855	0.0157396
7.9399552	0.0627441	0.0651855	0.0157410
7.9393940	0.0627441	0.0637207	0.0157425
7.9388676	0.0625000	0.0649414	0.0157439
7.9383411	0.0622559	0.0649414	0.0157453
7.9378147	0.0622559	0.0622559	0.0157467
7.9366889	0.0620117	0.0625000	0.0157497
7.9360557	0.0617676	0.0600586	0.0157514
7.9354224	0.0617676	0.0590820	0.0157531
7.9347897	0.0617676	0.0610352	0.0157548
7.9341316	0.0615234	0.0637207	0.0157565
7.9334741	0.0615234	0.0632324	0.0157583
7.9328499	0.0612793	0.0637207	0.0157600
7.9322257	0.0612793	0.0659180	0.0157616
7.9316020	0.0612793	0.0651855	0.0157633
7.9306011	0.0612793	0.0668945	0.0157660
7.9301996	0.0612793	0.0690918	0.0157670
7.9297981	0.0612793	0.0703125	0.0157681
7.9293966	0.0612793	0.0703125	0.0157692
7.9289851	0.0610352	0.0720215	0.0157703
7.9285984	0.0610352	0.0705566	0.0157713
7.9282117	0.0610352	0.0695801	0.0157724
7.9278250	0.0610352	0.0708008	0.0157734
7.9274139	0.0610352	0.0700684	0.0157745
7.9270034	0.0610352	0.0690918	0.0157756
7.9269695	0.0610352	0.0688477	0.0157757
7.9269352	0.0610352	0.0668945	0.0157758
7.9268618	0.0610352	0.0666504	0.0157760
7.9267883	0.0610352	0.0656738	0.0157762
7.9267254	0.0610352	0.0651855	0.0157763
7.9266624	0.0610352	0.0654297	0.0157765
7.9265990	0.0610352	0.0651855	0.0157767
7.9260750	0.0610352	0.0651855	0.0157781
7.9255748	0.0610352	0.0632324	0.0157794
7.9250746	0.0610352	0.0637207	0.0157808
7.9245749	0.0610352	0.0661621	0.0157821
7.9240627	0.0610352	0.0668945	0.0157835
7.9235902	0.0610352	0.0671387	0.0157847
7.9231172	0.0610352	0.0700684	0.0157860
7.9226446	0.0610352	0.0693359	0.0157873
7.9221449	0.0610352	0.0690918	0.0157886
7.9216452	0.0610352	0.0705566	0.0157900
7.9216061	0.0610352	0.0700684	0.0157901
7.9215670	0.0610352	0.0700684	0.0157902
7.9214959	0.0610352	0.0732422	0.0157904
7.9214249	0.0610352	0.0722656	0.0157905
7.9213657	0.0610352	0.0720215	0.0157907
7.9213066	0.0610352	0.0698242	0.0157909
7.9212475	0.0610352	0.0693359	0.0157910
7.9207697	0.0610352	0.0695801	0.0157923
7.9203196	0.0607910	0.0688477	0.0157935
7.9198689	0.0605469	0.0678711	0.0157947
7.9194188	0.0605469	0.0688477	0.0157959
7.9189339	0.0603027	0.0681152	0.0157972
7.9184813	0.0600586	0.0678711	0.0157984
7.9180284	0.0598145	0.0681152	0.0157997
7.9175758	0.0595703	0.0661621	0.0158009
7.9164658	0.0593262	0.0671387	0.0158039
7.9153562	0.0590820	0.0678711	0.0158068
7.9146647	0.0588379	0.0671387	0.0158087
7.9139738	0.0588379	0.0681152	0.0158105
7.9132824	0.0588379	0.0664062	0.0158124
7.9125590	0.0585937	0.0661621	0.0158143
7.9118700	0.0585937	0.0686035	0.0158162
7.9111810	0.0585937	0.0681152	0.0158181
7.9104924	0.0585937	0.0673828	0.0158199
7.9090796	0.0585937	0.0708008	0.0158237
7.9083228	0.0585937	0.0729980	0.0158257
7.9075665	0.0585937	0.0708008	0.0158278
7.9068098	0.0585937	0.0722656	0.0158298
7.9056206	0.0585937	0.0729980	0.0158330
7.9044313	0.0585937	0.0749512	0.0158362
7.9032750	0.0585937	0.0737305	0.0158393
7.9021187	0.0585937	0.0729980	0.0158424
7.9009299	0.0585937	0.0710449	0.0158457
7.8997412	0.0583496	0.0705566	0.0158489
7.8992758	0.0583496	0.0705566	0.0158501
7.8988099	0.0581055	0.0698242	0.0158514
7.8983445	0.0581055	0.0703125	0.0158526
7.8973413	0.0578613	0.0700684	0.0158553
7.8967705	0.0576172	0.0686035	0.0158569
7.8962002	0.0573730	0.0686035	0.0158584
7.8956299	0.0571289	0.0708008	0.0158599
7.8950639	0.0568848	0.0700684	0.0158615
7.8945317	0.0566406	0.0676270	0.0158629
7.8939991	0.0566406	0.0708008	0.0158644
7.8934665	0.0563965	0.0698242	0.0158658
7.8929586	0.0566406	0.0695801	0.0158672
7.8924508	0.0566406	0.0708008	0.0158685
7.8924794	0.0568848	0.0703125	0.0158685
7.8925085	0.0571289	0.0700684	0.0158684
7.8925376	0.0573730	0.0717773	0.0158683
7.8934269	0.0573730	0.0708008	0.0158659
7.8943124	0.0573730	0.0705566	0.0158635
7.8951974	0.0576172	0.0727539	0.0158611
7.8960834	0.0578613	0.0717773	0.0158587
7.8969760	0.0581055	0.0715332	0.0158563
7.8978443	0.0581055	0.0695801	0.0158540
7.8987131	0.0581055	0.0698242	0.0158516
7.8995819	0.0581055	0.0698242	0.0158493
7.9004517	0.0581055	0.0683594	0.0158469
7.9013209	0.0581055	0.0683594	0.0158446
7.9013286	0.0583496	0.0683594	0.0158446
7.9013357	0.0585937	0.0686035	0.0158446
7.9013219	0.0585937	0.0700684	0.0158446
7.9013081	0.0585937	0.0698242	0.0158446
7.9012876	0.0585937	0.0693359	0.0158447
7.9012666	0.0585937	0.0725098	0.0158447
7.9012456	0.0583496	0.0720215	0.0158448
7.9011931	0.0581055	0.0717773	0.0158449
7.9011402	0.0581055	0.0749512	0.0158451
7.9010873	0.0578613	0.0739746	0.0158452
7.9010339	0.0576172	0.0737305	0.0158454
7.8996015	0.0573730	0.0739746	0.0158492
7.8981900	0.0571289	0.0729980	0.0158530
7.8967795	0.0566406	0.0717773	0.0158568
7.8953695	0.0563965	0.0710449	0.0158607
7.8926015	0.0561523	0.0705566	0.0158681
7.8898358	0.0559082	0.0700684	0.0158756
7.8871031	0.0556641	0.0686035	0.0158830
7.8843727	0.0551758	0.0681152	0.0158904
7.8804440	0.0549316	0.0678711	0.0159010
7.8765192	0.0546875	0.0646973	0.0159117
7.8739691	0.0544434	0.0649414	0.0159186
7.8714204	0.0541992	0.0649414	0.0159255
7.8688731	0.0539551	0.0646973	0.0159324
7.8651953	0.0537109	0.0659180	0.0159424
7.8628688	0.0534668	0.0654297	0.0159487
7.8605437	0.0534668	0.0649414	0.0159551
7.8582196	0.0532227	0.0664062	0.0159614
7.8547611	0.0529785	0.0659180	0.0159708
7.8524966	0.0527344	0.0644531	0.0159770
7.8502331	0.0524902	0.0676270	0.0159832
7.8479710	0.0522461	0.0668945	0.0159894
7.8447104	0.0520020	0.0654297	0.0159983
7.8414526	0.0520020	0.0656738	0.0160072
7.8393221	0.0517578	0.0656738	0.0160130
7.8371930	0.0515137	0.0649414	0.0160188
7.8350649	0.0512695	0.0649414	0.0160247
7.8320956	0.0512695	0.0644531	0.0160328
7.8302574	0.0512695	0.0642090	0.0160379
7.8284202	0.0512695	0.0639648	0.0160429
7.8265839	0.0512695	0.0634766	0.0160479
7.8239822	0.0512695	0.0632324	0.0160551
7.8223753	0.0510254	0.0637207	0.0160595
7.8207698	0.0510254	0.0634766	0.0160639
7.8191643	0.0510254	0.0632324	0.0160683
7.8169103	0.0507812	0.0629883	0.0160745
7.8146577	0.0505371	0.0629883	0.0160808
7.8132439	0.0502930	0.0627441	0.0160846
7.8118310	0.0500488	0.0627441	0.0160885
7.8098626	0.0498047	0.0637207	0.0160940
7.8078961	0.0495605	0.0632324	0.0160994
7.8066931	0.0493164	0.0629883	0.0161027
7.8054905	0.0493164	0.0632324	0.0161060
7.8042884	0.0490723	0.0627441	0.0161094
7.8025756	0.0488281	0.0625000	0.0161141
7.8015103	0.0488281	0.0629883	0.0161170
7.8004456	0.0488281	0.0627441	0.0161200
7.7993808	0.0488281	0.0622559	0.0161229
7.7978535	0.0488281	0.0622559	0.0161271
7.7968802	0.0488281	0.0622559	0.0161298
7.7959075	0.0490723	0.0622559	0.0161325
7.7949347	0.0490723	0.0620117	0.0161352
7.7935648	0.0490723	0.0617676	0.0161390
7.7921958	0.0490723	0.0617676	0.0161428
7.7913370	0.0490723	0.0615234	0.0161452
7.7904782	0.0490723	0.0615234	0.0161476
7.7892327	0.0490723	0.0615234	0.0161510
7.7879882	0.0490723	0.0617676	0.0161545
7.7872052	0.0490723	0.0615234	0.0161566
7.7864227	0.0490723	0.0612793	0.0161588
7.7856402	0.0488281	0.0612793	0.0161610
7.7844963	0.0488281	0.0612793	0.0161642
7.7837481	0.0488281	0.0612793	0.0161662
7.7830005	0.0488281	0.0612793	0.0161683
7.7822533	0.0488281	0.0610352	0.0161704
7.7814746	0.0488281	0.0605469	0.0161726
7.7810817	0.0488281	0.0605469	0.0161737
7.7806892	0.0488281	0.0603027	0.0161747
7.7802968	0.0488281	0.0603027	0.0161758
7.7792311	0.0488281	0.0603027	0.0161788
7.7781658	0.0488281	0.0600586	0.0161818
7.7774615	0.0488281	0.0598145	0.0161837
7.7767582	0.0488281	0.0598145	0.0161857
7.7755742	0.0488281	0.0593262	0.0161890
7.7743907	0.0488281	0.0595703	0.0161923
7.7732387	0.0490723	0.0593262	0.0161955
7.7720871	0.0493164	0.0595703	0.0161987
7.7709360	0.0493164	0.0593262	0.0162019
7.7683859	0.0493164	0.0595703	0.0162090
7.7665076	0.0493164	0.0598145	0.0162142
7.7646308	0.0493164	0.0595703	0.0162195
7.7627544	0.0493164	0.0598145	0.0162247
7.7596240	0.0493164	0.0598145	0.0162334
7.7569737	0.0493164	0.0598145	0.0162409
7.7543254	0.0493164	0.0595703	0.0162483
7.7516785	0.0490723	0.0595703	0.0162557
7.7480230	0.0488281	0.0593262	0.0162659
7.7443705	0.0488281	0.0598145	0.0162762
7.7421112	0.0488281	0.0595703	0.0162825
7.7398534	0.0488281	0.0585937	0.0162888
7.7375970	0.0488281	0.0588379	0.0162952
7.7344470	0.0490723	0.0588379	0.0163040
7.7325454	0.0490723	0.0585937	0.0163094
7.7306452	0.0490723	0.0590820	0.0163147
7.7287459	0.0490723	0.0590820	0.0163201
7.7256012	0.0490723	0.0590820	0.0163289
7.7234635	0.0490723	0.0588379	0.0163350
7.7213268	0.0490723	0.0588379	0.0163410
7.7191911	0.0490723	0.0590820	0.0163470
7.7159328	0.0493164	0.0593262	0.0163562
7.7126775	0.0495605	0.0593262	0.0163654
7.7103138	0.0495605	0.0595703	0.0163721
7.7079515	0.0498047	0.0595703	0.0163788
7.7044139	0.0498047	0.0593262	0.0163888
7.7008791	0.0498047	0.0598145	0.0163989
7.6985850	0.0498047	0.0595703	0.0164054
7.6962919	0.0500488	0.0588379	0.0164119
7.6940007	0.0500488	0.0590820	0.0164184
7.6910806	0.0500488	0.0583496	0.0164267
7.6892786	0.0498047	0.0585937	0.0164318
7.6874771	0.0498047	0.0590820	0.0164370
7.6856766	0.0498047	0.0583496	0.0164421
7.6830297	0.0498047	0.0585937	0.0164496
7.6815538	0.0500488	0.0590820	0.0164538
7.6800790	0.0502930	0.0581055	0.0164580
7.6786046	0.0502930	0.0585937	0.0164622
7.6763167	0.0502930	0.0590820	0.0164688
7.6740298	0.0505371	0.0583496	0.0164753
7.6723709	0.0505371	0.0585937	0.0164801
7.6707129	0.0505371	0.0590820	0.0164848
7.6682267	0.0505371	0.0593262	0.0164919
7.6657419	0.0505371	0.0593262	0.0164990
7.6641016	0.0502930	0.0593262	0.0165037
7.6624618	0.0500488	0.0593262	0.0165084
7.6608233	0.0500488	0.0593262	0.0165131
7.6586080	0.0500488	0.0595703	0.0165195
7.6572042	0.0500488	0.0598145	0.0165235
7.6558008	0.0500488	0.0603027	0.0165275
7.6543984	0.0502930	0.0605469	0.0165316
7.6522884	0.0505371	0.0605469	0.0165376
7.6510048	0.0505371	0.0593262	0.0165413
7.6497216	0.0505371	0.0598145	0.0165450
7.6484389	0.0507812	0.0600586	0.0165487
7.6464214	0.0510254	0.0590820	0.0165545
7.6444054	0.0510254	0.0598145	0.0165603
7.6429648	0.0512695	0.0600586	0.0165645
7.6415248	0.0512695	0.0607910	0.0165686
7.6400852	0.0512695	0.0605469	0.0165728
7.6376576	0.0512695	0.0605469	0.0165798
7.6359367	0.0512695	0.0595703	0.0165847
7.6342163	0.0512695	0.0603027	0.0165897
7.6324968	0.0512695	0.0605469	0.0165947
7.6298103	0.0512695	0.0605469	0.0166024
7.6278567	0.0512695	0.0612793	0.0166081
7.6259041	0.0512695	0.0612793	0.0166137
7.6239529	0.0512695	0.0612793	0.0166194
7.6214175	0.0512695	0.0607910	0.0166267
7.6188836	0.0512695	0.0603027	0.0166341
7.6173348	0.0512695	0.0607910	0.0166386
7.6157861	0.0512695	0.0612793	0.0166431
7.6132932	0.0515137	0.0612793	0.0166503
7.6108017	0.0517578	0.0612793	0.0166575
7.6092744	0.0520020	0.0610352	0.0166620
7.6077480	0.0522461	0.0612793	0.0166664
7.6062217	0.0524902	0.0620117	0.0166708
7.6029558	0.0527344	0.0615234	0.0166804
7.6002741	0.0529785	0.0617676	0.0166882
7.5975943	0.0532227	0.0622559	0.0166960
7.5949163	0.0534668	0.0617676	0.0167038
7.5905290	0.0539551	0.0622559	0.0167166
7.5870848	0.0541992	0.0627441	0.0167267
7.5836439	0.0544434	0.0625000	0.0167367
7.5802064	0.0546875	0.0627441	0.0167468
7.5748782	0.0549316	0.0629883	0.0167624
7.5695577	0.0554199	0.0627441	0.0167781
7.5659680	0.0559082	0.0634766	0.0167886
7.5623813	0.0563965	0.0642090	0.0167992
7.5569229	0.0568848	0.0649414	0.0168153
7.5514727	0.0573730	0.0654297	0.0168314
7.5477219	0.0576172	0.0659180	0.0168424
7.5439744	0.0581055	0.0664062	0.0168535
7.5402312	0.0585937	0.0668945	0.0168646
7.5349255	0.0590820	0.0678711	0.0168803
7.5314975	0.0595703	0.0683594	0.0168905
7.5280733	0.0598145	0.0683594	0.0169007
7.5246520	0.0600586	0.0686035	0.0169109
7.5200901	0.0603027	0.0688477	0.0169244
7.5173883	0.0605469	0.0688477	0.0169325
7.5146885	0.0607910	0.0693359	0.0169405
7.5119905	0.0610352	0.0698242	0.0169486
7.5083728	0.0610352	0.0698242	0.0169594
7.5047588	0.0612793	0.0700684	0.0169702
7.5027003	0.0615234	0.0700684	0.0169764
7.5006423	0.0615234	0.0695801	0.0169825
7.4985862	0.0617676	0.0700684	0.0169887
7.4956937	0.0620117	0.0705566	0.0169974
7.4939384	0.0620117	0.0700684	0.0170026
7.4921837	0.0622559	0.0708008	0.0170079
7.4904304	0.0625000	0.0705566	0.0170132
7.4877210	0.0627441	0.0700684	0.0170213
7.4859295	0.0629883	0.0700684	0.0170267
7.4841390	0.0629883	0.0705566	0.0170321
7.4823494	0.0629883	0.0705566	0.0170375
7.4794917	0.0632324	0.0708008	0.0170461
7.4766359	0.0632324	0.0712891	0.0170547
7.4746146	0.0632324	0.0712891	0.0170608
7.4725947	0.0634766	0.0717773	0.0170669
7.4691572	0.0634766	0.0717773	0.0170773
7.4657230	0.0634766	0.0720215	0.0170876
7.4632421	0.0634766	0.0725098	0.0170951
7.4607630	0.0634766	0.0727539	0.0171027
7.4582853	0.0634766	0.0725098	0.0171102
7.4548907	0.0634766	0.0722656	0.0171205
7.4525604	0.0634766	0.0725098	0.0171275
7.4502316	0.0632324	0.0722656	0.0171346
7.4479046	0.0629883	0.0722656	0.0171417
7.4436450	0.0627441	0.0722656	0.0171546
7.4407969	0.0625000	0.0720215	0.0171633
7.4379511	0.0622559	0.0715332	0.0171720
7.4351077	0.0620117	0.0715332	0.0171806
7.4302106	0.0617676	0.0712891	0.0171956
7.4253206	0.0612793	0.0712891	0.0172105
7.4213467	0.0607910	0.0712891	0.0172227
7.4173770	0.0603027	0.0712891	0.0172349
7.4112329	0.0600586	0.0708008	0.0172537
7.4050994	0.0598145	0.0705566	0.0172726
7.4008861	0.0593262	0.0700684	0.0172856
7.3966780	0.0588379	0.0695801	0.0172985
7.3924747	0.0581055	0.0698242	0.0173115
7.3855619	0.0573730	0.0690918	0.0173329
7.3806891	0.0563965	0.0681152	0.0173480
7.3758230	0.0556641	0.0676270	0.0173630
7.3709636	0.0546875	0.0668945	0.0173781
7.3639569	0.0537109	0.0661621	0.0173999
7.3591094	0.0524902	0.0656738	0.0174150
7.3542695	0.0512695	0.0646973	0.0174301
7.3494358	0.0500488	0.0639648	0.0174452
7.3425851	0.0488281	0.0634766	0.0174667
7.3357477	0.0478516	0.0627441	0.0174881
7.3315945	0.0466309	0.0620117	0.0175012
7.3274465	0.0456543	0.0617676	0.0175142
7.3233032	0.0444336	0.0607910	0.0175272
7.3174334	0.0434570	0.0595703	0.0175458
7.3136954	0.0424805	0.0583496	0.0175576
7.3099613	0.0415039	0.0573730	0.0175694
7.3062315	0.0405273	0.0566406	0.0175812
7.3009543	0.0397949	0.0559082	0.0175979
7.2976823	0.0390625	0.0551758	0.0176083
7.2944131	0.0380859	0.0541992	0.0176186
7.2911468	0.0373535	0.0532227	0.0176290
7.2864809	0.0366211	0.0524902	0.0176439
7.2818213	0.0361328	0.0520020	0.0176587
7.2788796	0.0354004	0.0515137	0.0176681
7.2759404	0.0346680	0.0512695	0.0176775
7.2716990	0.0341797	0.0505371	0.0176911
7.2674632	0.0336914	0.0498047	0.0177046
7.2647667	0.0332031	0.0490723	0.0177133
7.2620721	0.0327148	0.0483398	0.0177219
7.2593799	0.0322266	0.0476074	0.0177305
7.2555251	0.0317383	0.0441895	0.0177429
7.2530637	0.0312500	0.0439453	0.0177508
7.2506037	0.0307617	0.0437012	0.0177587
7.2481456	0.0305176	0.0441895	0.0177667
7.2446628	0.0302734	0.0441895	0.0177779
7.2424765	0.0300293	0.0439453	0.0177849
7.2402911	0.0297852	0.0439453	0.0177920
7.2381077	0.0295410	0.0437012	0.0177990
7.2352796	0.0292969	0.0432129	0.0178082
7.2324533	0.0292969	0.0434570	0.0178173
7.2307854	0.0292969	0.0463867	0.0178227
7.2291183	0.0292969	0.0456543	0.0178281
7.2269340	0.0290527	0.0446777	0.0178352
7.2247505	0.0288086	0.0439453	0.0178423
7.2235885	0.0285645	0.0432129	0.0178461
7.2224274	0.0283203	0.0427246	0.0178498
7.2212663	0.0280762	0.0422363	0.0178536
7.2190280	0.0278320	0.0419922	0.0178609
7.2174335	0.0275879	0.0371094	0.0178660
7.2158399	0.0273437	0.0373535	0.0178712
7.2142467	0.0270996	0.0375977	0.0178764
7.2116413	0.0268555	0.0378418	0.0178849
7.2095537	0.0268555	0.0383301	0.0178917
7.2074676	0.0266113	0.0383301	0.0178985
7.2053823	0.0263672	0.0380859	0.0179053
7.2026525	0.0261230	0.0385742	0.0179142
7.1999245	0.0261230	0.0383301	0.0179231
7.1982694	0.0258789	0.0378418	0.0179285
7.1966157	0.0256348	0.0419922	0.0179339
7.1943960	0.0253906	0.0412598	0.0179412
7.1921782	0.0251465	0.0388184	0.0179485
7.1909685	0.0249023	0.0390625	0.0179524
7.1897593	0.0246582	0.0388184	0.0179564
7.1885505	0.0246582	0.0383301	0.0179604
7.1873260	0.0246582	0.0373535	0.0179644
7.1867452	0.0246582	0.0371094	0.0179663
7.1861644	0.0244141	0.0351562	0.0179682
7.1855841	0.0244141	0.0346680	0.0179701
7.1842132	0.0244141	0.0354004	0.0179746
7.1834068	0.0244141	0.0334473	0.0179772
7.1826010	0.0244141	0.0341797	0.0179799
7.1817951	0.0244141	0.0344238	0.0179825
7.1800017	0.0244141	0.0341797	0.0179884
7.1782088	0.0241699	0.0332031	0.0179943
7.1764331	0.0241699	0.0346680	0.0180002
7.1746583	0.0239258	0.0336914	0.0180060
7.1728845	0.0236816	0.0336914	0.0180119
7.1695619	0.0234375	0.0349121	0.0180228
7.1670284	0.0231934	0.0329590	0.0180312
7.1644969	0.0229492	0.0339355	0.0180395
7.1619673	0.0227051	0.0205078	0.0180479
7.1581960	0.0224609	0.0229492	0.0180604
7.1554093	0.0222168	0.0236816	0.0180696
7.1526246	0.0222168	0.0263672	0.0180788
7.1498427	0.0219727	0.0268555	0.0180881
7.1470594	0.0219727	0.0261230	0.0180973
7.1442780	0.0219727	0.0290527	0.0181065
7.1430359	0.0219727	0.0280762	0.0181107
7.1417942	0.0219727	0.0288086	0.0181148
7.1401706	0.0219727	0.0283203	0.0181202
7.1385474	0.0217285	0.0432129	0.0181256
7.1381612	0.0214844	0.0390625	0.0181269
7.1377749	0.0212402	0.0371094	0.0181282
7.1373892	0.0212402	0.0356445	0.0181295
7.1354280	0.0209961	0.0336914	0.0181360
7.1334715	0.0207520	0.0336914	0.0181425
7.1315165	0.0205078	0.0329590	0.0181490
7.1295629	0.0202637	0.0327148	0.0181556
7.1259079	0.0200195	0.0319824	0.0181678
7.1226368	0.0197754	0.0332031	0.0181787
7.1193695	0.0197754	0.0307617	0.0181897
7.1161056	0.0197754	0.0300293	0.0182006
7.1114569	0.0197754	0.0322266	0.0182162
7.1068149	0.0195312	0.0307617	0.0182318
7.1037388	0.0195312	0.0300293	0.0182421
7.1006656	0.0195312	0.0312500	0.0182525
7.0969009	0.0195312	0.0297852	0.0182652
7.0931411	0.0195312	0.0288086	0.0182779
7.0910692	0.0195312	0.0305176	0.0182849
7.0889983	0.0195312	0.0290527	0.0182919
7.0869288	0.0195312	0.0290527	0.0182989
7.0828109	0.0195312	0.0288086	0.0183128
7.0800719	0.0195312	0.0283203	0.0183221
7.0773358	0.0192871	0.0278320	0.0183314
7.0746017	0.0192871	0.0275879	0.0183407
7.0698295	0.0190430	0.0268555	0.0183569
7.0657516	0.0187988	0.0256348	0.0183708
7.0616794	0.0185547	0.0246582	0.0183847
7.0576119	0.0183105	0.0234375	0.0183986
7.0517631	0.0180664	0.0236816	0.0184186
7.0459251	0.0178223	0.0239258	0.0184385
7.0421205	0.0175781	0.0241699	0.0184516
7.0383201	0.0173340	0.0236816	0.0184646
7.0345244	0.0173340	0.0234375	0.0184777
7.0291266	0.0170898	0.0246582	0.0184963
7.0257487	0.0170898	0.0244141	0.0185079
7.0223746	0.0170898	0.0244141	0.0185196
7.0190039	0.0170898	0.0261230	0.0185312
7.0140853	0.0170898	0.0258789	0.0185483
7.0109372	0.0170898	0.0229492	0.0185592
7.0077920	0.0170898	0.0241699	0.0185701
7.0046501	0.0170898	0.0244141	0.0185810
6.9999900	0.0170898	0.0222168	0.0185972
6.9953365	0.0168457	0.0236816	0.0186134
6.9922771	0.0166016	0.0234375	0.0186241
6.9892206	0.0166016	0.0224609	0.0186347
6.9847865	0.0163574	0.0217285	0.0186502
6.9803586	0.0161133	0.0209961	0.0186657
6.9774694	0.0158691	0.0197754	0.0186758
6.9745831	0.0158691	0.0197754	0.0186859
6.9716997	0.0158691	0.0192871	0.0186961
6.9675999	0.0156250	0.0187988	0.0187105
6.9650087	0.0156250	0.0183105	0.0187196
6.9624205	0.0156250	0.0195312	0.0187287
6.9598341	0.0156250	0.0185547	0.0187378
6.9563622	0.0153809	0.0178223	0.0187500
6.9542608	0.0156250	0.0205078	0.0187575
6.9521608	0.0156250	0.0202637	0.0187649
6.9500623	0.0156250	0.0195312	0.0187723
6.9467187	0.0156250	0.0234375	0.0187841
6.9433784	0.0153809	0.0224609	0.0187960
6.9412503	0.0153809	0.0212402	0.0188035
6.9391236	0.0151367	0.0234375	0.0188110
6.9358511	0.0156250	0.0224609	0.0188227
6.9325819	0.0158691	0.0209961	0.0188343
6.9301963	0.0161133	0.0231934	0.0188428
6.9278121	0.0158691	0.0212402	0.0188513
6.9254298	0.0161133	0.0200195	0.0188597
6.9221735	0.0163574	0.0187988	0.0188714
6.9201560	0.0163574	0.0175781	0.0188786
6.9181399	0.0163574	0.0168457	0.0188858
6.9161248	0.0163574	0.0168457	0.0188930
6.9131918	0.0163574	0.0148926	0.0189035
6.9113989	0.0161133	0.0148926	0.0189099
6.9096074	0.0161133	0.0129395	0.0189163
6.9078169	0.0161133	0.0129395	0.0189227
6.9050965	0.0161133	0.0131836	0.0189325
6.9023786	0.0161133	0.0136719	0.0189422
6.9005322	0.0158691	0.0170898	0.0189489
6.8986874	0.0156250	0.0161133	0.0189555
6.8968439	0.0158691	0.0134277	0.0189621
6.8950186	0.0158691	0.0156250	0.0189687
6.8941078	0.0158691	0.0161133	0.0189720
6.8931975	0.0156250	0.0139160	0.0189753
6.8922877	0.0153809	0.0180664	0.0189785
6.8913708	0.0153809	0.0168457	0.0189819
6.8913803	0.0153809	0.0166016	0.0189818
6.8913898	0.0153809	0.0183105	0.0189818
6.8913994	0.0156250	0.0170898	0.0189817
6.8907337	0.0158691	0.0170898	0.0189841
6.8900681	0.0158691	0.0183105	0.0189865
6.8893857	0.0161133	0.0173340	0.0189890
6.8887033	0.0163574	0.0146484	0.0189915
6.8867564	0.0163574	0.0141602	0.0189985
6.8848109	0.0166016	0.0158691	0.0190055
6.8828740	0.0166016	0.0158691	0.0190125
6.8809381	0.0168457	0.0148926	0.0190195
6.8790040	0.0166016	0.0141602	0.0190265
6.8752112	0.0163574	0.0134277	0.0190403
6.8720946	0.0161133	0.0124512	0.0190516
6.8689814	0.0161133	0.0153809	0.0190629
6.8658714	0.0161133	0.0151367	0.0190742
6.8610616	0.0161133	0.0163574	0.0190917
6.8575110	0.0163574	0.0180664	0.0191046
6.8539648	0.0163574	0.0166016	0.0191176
6.8504229	0.0163574	0.0144043	0.0191305
6.8448815	0.0163574	0.0163574	0.0191508
6.8393512	0.0166016	0.0148926	0.0191710
6.8356643	0.0166016	0.0148926	0.0191846
6.8319821	0.0168457	0.0173340	0.0191981
6.8265314	0.0168457	0.0166016	0.0192182
6.8210907	0.0168457	0.0148926	0.0192383
6.8173375	0.0168457	0.0170898	0.0192521
6.8135886	0.0168457	0.0151367	0.0192660
6.8098450	0.0168457	0.0146484	0.0192799
6.8039393	0.0168457	0.0141602	0.0193018
6.8000178	0.0166016	0.0126953	0.0193163
6.7961016	0.0166016	0.0126953	0.0193309
6.7921906	0.0168457	0.0117187	0.0193455
6.7850418	0.0168457	0.0114746	0.0193722
6.7796545	0.0168457	0.0100098	0.0193923
6.7742772	0.0168457	0.0102539	0.0194125
6.7689099	0.0168457	0.0078125	0.0194327
6.7603765	0.0166016	0.0078125	0.0194648
6.7518687	0.0166016	0.0065918	0.0194969
6.7455077	0.0166016	0.0102539	0.0195210
6.7391605	0.0168457	0.0104980	0.0195451
6.7328277	0.0168457	0.0100098	0.0195692
6.7234883	0.0168457	0.0117187	0.0196048
6.7173433	0.0168457	0.0097656	0.0196283
6.7112112	0.0168457	0.0097656	0.0196518
6.7050929	0.0168457	0.0114746	0.0196753
6.6964107	0.0168457	0.0124512	0.0197087
6.6908507	0.0170898	0.0117187	0.0197302
6.6853013	0.0170898	0.0122070	0.0197516
6.6797633	0.0170898	0.0117187	0.0197731
6.6726336	0.0170898	0.0104980	0.0198008
6.6655221	0.0170898	0.0092773	0.0198285
6.6613793	0.0170898	0.0092773	0.0198447
6.6572433	0.0170898	0.0092773	0.0198608
6.6508737	0.0170898	0.0092773	0.0198858
6.6445189	0.0170898	0.0085449	0.0199107
6.6407022	0.0170898	0.0080566	0.0199257
6.6368909	0.0170898	0.0083008	0.0199407
6.6330848	0.0170898	0.0080566	0.0199557
6.6283588	0.0170898	0.0075684	0.0199744
6.6252160	0.0170898	0.0078125	0.0199868
6.6220765	0.0168457	0.0102539	0.0199993
6.6189408	0.0168457	0.0097656	0.0200117
6.6136155	0.0168457	0.0095215	0.0200328
6.6105056	0.0168457	0.0104980	0.0200452
6.6073990	0.0168457	0.0100098	0.0200576
6.6042962	0.0168457	0.0097656	0.0200699
6.5983953	0.0168457	0.0109863	0.0200935
6.5925074	0.0168457	0.0104980	0.0201171
6.5875430	0.0168457	0.0100098	0.0201370
6.5825877	0.0168457	0.0109863	0.0201569
6.5750084	0.0168457	0.0104980	0.0201874
6.5674505	0.0168457	0.0080566	0.0202179
6.5620642	0.0168457	0.0092773	0.0202397
6.5566883	0.0166016	0.0090332	0.0202615
6.5513234	0.0166016	0.0085449	0.0202833
6.5433760	0.0166016	0.0083008	0.0203157
6.5381880	0.0166016	0.0083008	0.0203369
6.5330105	0.0166016	0.0080566	0.0203580
6.5278435	0.0166016	0.0073242	0.0203792
6.5196509	0.0166016	0.0075684	0.0204129
6.5140548	0.0168457	0.0075684	0.0204360
6.5084705	0.0168457	0.0095215	0.0204590
6.5028977	0.0166016	0.0092773	0.0204821
6.4941983	0.0168457	0.0083008	0.0205182
6.4855275	0.0168457	0.0080566	0.0205543
6.4794145	0.0168457	0.0095215	0.0205798
6.4733152	0.0168457	0.0090332	0.0206054
6.4643612	0.0168457	0.0087891	0.0206430
6.4554381	0.0168457	0.0095215	0.0206806
6.4494967	0.0166016	0.0090332	0.0207057
6.4435687	0.0166016	0.0085449	0.0207308
6.4376550	0.0166016	0.0095215	0.0207559
6.4289937	0.0168457	0.0087891	0.0207927
6.4234118	0.0168457	0.0090332	0.0208166
6.4178424	0.0168457	0.0102539	0.0208404
6.4122849	0.0168457	0.0092773	0.0208642
6.4039283	0.0168457	0.0085449	0.0209002
6.3983922	0.0168457	0.0085449	0.0209240
6.3928685	0.0168457	0.0080566	0.0209479
6.3873568	0.0170898	0.0083008	0.0209718
6.3785858	0.0170898	0.0080566	0.0210099
6.3698463	0.0170898	0.0070801	0.0210480
6.3638244	0.0170898	0.0070801	0.0210743
6.3578167	0.0170898	0.0070801	0.0211006
6.3518243	0.0170898	0.0065918	0.0211270
6.3432775	0.0170898	0.0065918	0.0211646
6.3374949	0.0170898	0.0068359	0.0211902
6.3317261	0.0170898	0.0075684	0.0212157
6.3259706	0.0170898	0.0070801	0.0212413
6.3177662	0.0170898	0.0068359	0.0212778
6.3127699	0.0170898	0.0075684	0.0213001
6.3077836	0.0170898	0.0078125	0.0213224
6.3028078	0.0168457	0.0075684	0.0213448
6.2950549	0.0168457	0.0080566	0.0213796
6.2873273	0.0168457	0.0078125	0.0214145
6.2821259	0.0168457	0.0078125	0.0214380
6.2769361	0.0168457	0.0083008	0.0214615
6.2683582	0.0168457	0.0078125	0.0215005
6.2598114	0.0168457	0.0083008	0.0215395
6.2536902	0.0168457	0.0080566	0.0215675
6.2475853	0.0168457	0.0078125	0.0215955
6.2414961	0.0168457	0.0080566	0.0216235
6.2321157	0.0170898	0.0085449	0.0216668
6.2254763	0.0170898	0.0083008	0.0216976
6.2188554	0.0170898	0.0085449	0.0217283
6.2122536	0.0170898	0.0090332	0.0217591
6.2009954	0.0170898	0.0090332	0.0218117
6.1930785	0.0170898	0.0092773	0.0218489
6.1851888	0.0170898	0.0092773	0.0218860
6.1773257	0.0170898	0.0095215	0.0219232
6.1652489	0.0170898	0.0117187	0.0219806
6.1532359	0.0170898	0.0114746	0.0220379
6.1444650	0.0170898	0.0112305	0.0220800
6.1357279	0.0170898	0.0114746	0.0221220
6.1226187	0.0170898	0.0117187	0.0221855
6.1095862	0.0170898	0.0112305	0.0222489
6.1010928	0.0170898	0.0112305	0.0222904
6.0926323	0.0170898	0.0112305	0.0223320
6.0842042	0.0170898	0.0112305	0.0223735
6.0708246	0.0170898	0.0112305	0.0224398
6.0615659	0.0170898	0.0092773	0.0224859
6.0523472	0.0170898	0.0095215	0.0225319
6.0431676	0.0170898	0.0097656	0.0225780
6.0295887	0.0170898	0.0102539	0.0226466
6.0202909	0.0170898	0.0107422	0.0226938
6.0110335	0.0170898	0.0119629	0.0227410
6.0018167	0.0170898	0.0119629	0.0227882
5.9880538	0.0170898	0.0126953	0.0228590
5.9743814	0.0170898	0.0124512	0.0229299
5.9655299	0.0170898	0.0129395	0.0229760
5.9567161	0.0170898	0.0131836	0.0230221
5.9479403	0.0170898	0.0144043	0.0230682
5.9347243	0.0170898	0.0148926	0.0231380
5.9258070	0.0170898	0.0153809	0.0231854
5.9169292	0.0170898	0.0141602	0.0232328
5.9080901	0.0170898	0.0136719	0.0232802
5.8957272	0.0170898	0.0146484	0.0233468
5.8877974	0.0170898	0.0136719	0.0233897
5.8798985	0.0170898	0.0144043	0.0234326
5.8720312	0.0170898	0.0151367	0.0234756
5.8612404	0.0170898	0.0141602	0.0235347
5.8505087	0.0170898	0.0136719	0.0235939
5.8441043	0.0170898	0.0144043	0.0236294
5.8377209	0.0170898	0.0134277	0.0236649
5.8279004	0.0170898	0.0148926	0.0237197
5.8181295	0.0170898	0.0158691	0.0237745
5.8118148	0.0170898	0.0166016	0.0238100
5.8055210	0.0170898	0.0173340	0.0238456
5.7992477	0.0170898	0.0180664	0.0238812
5.7894020	0.0170898	0.0202637	0.0239372
5.7824392	0.0170898	0.0212402	0.0239770
5.7755022	0.0170898	0.0214844	0.0240168
5.7685905	0.0170898	0.0214844	0.0240567
5.7572608	0.0170898	0.0219727	0.0241222
5.7493114	0.0170898	0.0219727	0.0241685
5.7413960	0.0170898	0.0241699	0.0242148
5.7335143	0.0170898	0.0227051	0.0242610
5.7217021	0.0170898	0.0229492	0.0243307
5.7099662	0.0170898	0.0229492	0.0244004
5.7017260	0.0170898	0.0202637	0.0244497
5.6935229	0.0170898	0.0207520	0.0244989
5.6812277	0.0170898	0.0202637	0.0245731
5.6690168	0.0170898	0.0200195	0.0246472
5.6610932	0.0170898	0.0205078	0.0246957
5.6532049	0.0170898	0.0214844	0.0247441
5.6453519	0.0170898	0.0187988	0.0247925
5.6334901	0.0170898	0.0197754	0.0248660
5.6254554	0.0170898	0.0234375	0.0249161
5.6174579	0.0170898	0.0222168	0.0249663
5.6094971	0.0170898	0.0227051	0.0250164
5.5975623	0.0170898	0.0236816	0.0250919
5.5896187	0.0170898	0.0244141	0.0251425
5.5817122	0.0170898	0.0249023	0.0251931
5.5738430	0.0170898	0.0280762	0.0252437
5.5621414	0.0170898	0.0290527	0.0253193
5.5505223	0.0170898	0.0288086	0.0253950
5.5428076	0.0170898	0.0302734	0.0254455
5.5351291	0.0170898	0.0285645	0.0254960
5.5274868	0.0170898	0.0292969	0.0255466
5.5157728	0.0170898	0.0297852	0.0256245
5.5079341	0.0170898	0.0307617	0.0256769
5.5001335	0.0170898	0.0285645	0.0257294
5.4923701	0.0170898	0.0300293	0.0257818
5.4799480	0.0170898	0.0288086	0.0258663
5.4712715	0.0170898	0.0300293	0.0259257
5.4626427	0.0170898	0.0310059	0.0259851
5.4540610	0.0170898	0.0310059	0.0260445
5.4415269	0.0170898	0.0290527	0.0261318
5.4290934	0.0170898	0.0341797	0.0262191
5.4206152	0.0170898	0.0341797	0.0262791
5.4121842	0.0170898	0.0346680	0.0263391
5.4002552	0.0168457	0.0383301	0.0264245
5.3884206	0.0168457	0.0371094	0.0265099
5.3810687	0.0168457	0.0366211	0.0265633
5.3737535	0.0168457	0.0334473	0.0266167
5.3664742	0.0168457	0.0339355	0.0266701
5.3555021	0.0168457	0.0339355	0.0267511
5.3483605	0.0168457	0.0361328	0.0268041
5.3412542	0.0168457	0.0322266	0.0268572
5.3341827	0.0168457	0.0329590	0.0269102
5.3237090	0.0168457	0.0314941	0.0269893
5.3166513	0.0170898	0.0307617	0.0270429
5.3096290	0.0170898	0.0302734	0.0270965
5.3026409	0.0170898	0.0292969	0.0271501
5.2914281	0.0170898	0.0307617	0.0272366
5.2803049	0.0170898	0.0322266	0.0273232
5.2727785	0.0170898	0.0310059	0.0273822
5.2652931	0.0170898	0.0305176	0.0274411
5.2538066	0.0170898	0.0332031	0.0275322
5.2424169	0.0170898	0.0319824	0.0276234
5.2343359	0.0170898	0.0324707	0.0276885
5.2263036	0.0170898	0.0332031	0.0277536
5.2183194	0.0170898	0.0317383	0.0278187
5.2068615	0.0170898	0.0329590	0.0279129
5.1994691	0.0170898	0.0334473	0.0279740
5.1921186	0.0170898	0.0332031	0.0280352
5.1848097	0.0170898	0.0339355	0.0280964
5.1743274	0.0170898	0.0341797	0.0281848
5.1677046	0.0170898	0.0332031	0.0282410
5.1611161	0.0170898	0.0339355	0.0282972
5.1545615	0.0170898	0.0341797	0.0283533
5.1452270	0.0170898	0.0344238	0.0284339
5.1359620	0.0170898	0.0351562	0.0285144
5.1300721	0.0170898	0.0351562	0.0285660
5.1242104	0.0170898	0.0356445	0.0286175
5.1183763	0.0170898	0.0344238	0.0286690
5.1102624	0.0170898	0.0346680	0.0287411
5.1052351	0.0170898	0.0349121	0.0287859
5.1002288	0.0170898	0.0334473	0.0288308
5.0952435	0.0170898	0.0339355	0.0288757
5.0882082	0.0170898	0.0344238	0.0289394
5.0838838	0.0170898	0.0336914	0.0289787
5.0795751	0.0170898	0.0356445	0.0290180
5.0752826	0.0170898	0.0361328	0.0290574
5.0690284	0.0170898	0.0349121	0.0291149
5.0628076	0.0170898	0.0349121	0.0291724
5.0588255	0.0168457	0.0354004	0.0292094
5.0548568	0.0168457	0.0344238	0.0292464
5.0491543	0.0168457	0.0349121	0.0292998
5.0434794	0.0168457	0.0356445	0.0293532
5.0398159	0.0168457	0.0358887	0.0293878
5.0361633	0.0168457	0.0356445	0.0294224
5.0325232	0.0168457	0.0361328	0.0294571
5.0273132	0.0168457	0.0351562	0.0295068
5.0240245	0.0168457	0.0363770	0.0295383
5.0207458	0.0168457	0.0371094	0.0295698
5.0174766	0.0170898	0.0363770	0.0296013
5.0127926	0.0170898	0.0373535	0.0296466
5.0098138	0.0170898	0.0378418	0.0296755
5.0068426	0.0170898	0.0375977	0.0297044
5.0038795	0.0170898	0.0373535	0.0297333
4.9996686	0.0170898	0.0371094	0.0297746
4.9954734	0.0170898	0.0371094	0.0298158
4.9928250	0.0170898	0.0366211	0.0298419
4.9901829	0.0170898	0.0358887	0.0298680
4.9875474	0.0170898	0.0356445	0.0298941
4.9838219	0.0170898	0.0239258	0.0299311
