18.9670010	0.0063477	0.0051270	0.0015451
16.9559536	0.0126953	0.0092773	0.0030902
15.2133341	0.0190430	0.0141602	0.0046352
13.7033062	0.0253906	0.0148926	0.0061803
12.3948278	0.0317383	0.0214844	0.0077254
11.2609959	0.0380859	0.0288086	0.0092704
10.2785044	0.0444336	0.0356445	0.0108155
9.4271488	0.0507812	0.0395508	0.0123606
8.6894255	0.0571289	0.0488281	0.0139056
8.0501690	0.0634766	0.0539551	0.0154507
8.0501738	0.0634766	0.0576172	0.0154507
8.0501823	0.0634766	0.0598145	0.0154506
8.0501890	0.0634766	0.0620117	0.0154506
8.0501957	0.0634766	0.0708008	0.0154506
8.0502024	0.0634766	0.0712891	0.0154506
8.0502129	0.0634766	0.0705566	0.0154506
8.0502195	0.0634766	0.0715332	0.0154506
8.0502272	0.0634766	0.0747070	0.0154505
8.0502348	0.0634766	0.0715332	0.0154505
8.0502453	0.0634766	0.0725098	0.0154505
8.0502558	0.0634766	0.0712891	0.0154505
8.0502625	0.0634766	0.0720215	0.0154504
8.0502701	0.0634766	0.0710449	0.0154504
8.0502768	0.0634766	0.0705566	0.0154504
8.0502872	0.0634766	0.0705566	0.0154504
8.0502939	0.0634766	0.0700684	0.0154504
8.0503006	0.0634766	0.0700684	0.0154503
8.0503073	0.0634766	0.0700684	0.0154503
8.0503168	0.0634766	0.0703125	0.0154503
8.0503235	0.0634766	0.0720215	0.0154503
8.0503292	0.0634766	0.0717773	0.0154503
8.0503359	0.0634766	0.0708008	0.0154503
8.0503454	0.0634766	0.0727539	0.0154502
8.0503550	0.0634766	0.0715332	0.0154502
8.0503616	0.0634766	0.0708008	0.0154502
8.0503683	0.0634766	0.0727539	0.0154502
8.0503778	0.0634766	0.0715332	0.0154501
8.0503883	0.0634766	0.0710449	0.0154501
8.0503950	0.0634766	0.0727539	0.0154501
8.0504026	0.0634766	0.0722656	0.0154501
8.0504093	0.0634766	0.0715332	0.0154501
8.0504198	0.0634766	0.0734863	0.0154500
8.0504265	0.0634766	0.0727539	0.0154500
8.0504332	0.0634766	0.0715332	0.0154500
8.0504408	0.0634766	0.0712891	0.0154500
8.0504503	0.0634766	0.0710449	0.0154500
8.0504560	0.0634766	0.0712891	0.0154499
8.0504627	0.0634766	0.0710449	0.0154499
8.0504684	0.0634766	0.0708008	0.0154499
8.0504770	0.0632324	0.0705566	0.0154499
8.0504847	0.0632324	0.0688477	0.0154499
8.0504904	0.0629883	0.0688477	0.0154498
8.0504951	0.0627441	0.0678711	0.0154498
8.0505018	0.0625000	0.0681152	0.0154498
8.0505085	0.0625000	0.0708008	0.0154498
8.0505123	0.0622559	0.0695801	0.0154498
8.0505152	0.0622559	0.0695801	0.0154498
8.0505190	0.0622559	0.0710449	0.0154498
8.0505247	0.0622559	0.0705566	0.0154498
8.0505276	0.0625000	0.0700684	0.0154498
8.0505304	0.0625000	0.0727539	0.0154497
8.0505342	0.0625000	0.0720215	0.0154497
8.0505381	0.0625000	0.0725098	0.0154497
8.0505419	0.0625000	0.0734863	0.0154497
8.0505447	0.0625000	0.0729980	0.0154497
8.0505476	0.0627441	0.0729980	0.0154497
8.0505514	0.0627441	0.0722656	0.0154497
8.0505562	0.0625000	0.0720215	0.0154497
8.0505581	0.0625000	0.0715332	0.0154497
8.0505610	0.0622559	0.0708008	0.0154497
8.0505629	0.0622559	0.0710449	0.0154497
8.0505667	0.0625000	0.0708008	0.0154496
8.0505695	0.0627441	0.0700684	0.0154496
8.0505724	0.0629883	0.0700684	0.0154496
8.0505753	0.0629883	0.0698242	0.0154496
8.0505791	0.0629883	0.0693359	0.0154496
8.0505810	0.0627441	0.0708008	0.0154496
8.0505838	0.0629883	0.0703125	0.0154496
8.0505857	0.0627441	0.0683594	0.0154496
8.0505896	0.0629883	0.0703125	0.0154496
8.0505924	0.0629883	0.0698242	0.0154496
8.0505934	0.0629883	0.0690918	0.0154496
8.0505953	0.0629883	0.0710449	0.0154496
8.0505962	0.0627441	0.0705566	0.0154496
8.0505981	0.0627441	0.0688477	0.0154496
8.0505991	0.0625000	0.0705566	0.0154496
8.0505991	0.0625000	0.0698242	0.0154496
8.0506001	0.0622559	0.0690918	0.0154496
8.0506010	0.0622559	0.0720215	0.0154496
8.0506010	0.0620117	0.0715332	0.0154496
8.0506010	0.0620117	0.0705566	0.0154496
8.0506020	0.0617676	0.0700684	0.0154496
8.0506010	0.0615234	0.0681152	0.0154496
8.0506010	0.0615234	0.0676270	0.0154496
8.0506010	0.0612793	0.0676270	0.0154496
8.0506001	0.0612793	0.0683594	0.0154496
8.0505991	0.0612793	0.0683594	0.0154496
8.0505981	0.0615234	0.0681152	0.0154496
8.0505972	0.0615234	0.0681152	0.0154496
8.0505962	0.0617676	0.0676270	0.0154496
8.0505943	0.0615234	0.0673828	0.0154496
8.0505924	0.0615234	0.0693359	0.0154496
8.0505905	0.0615234	0.0700684	0.0154496
8.0505886	0.0615234	0.0693359	0.0154496
8.0505867	0.0615234	0.0708008	0.0154496
8.0505848	0.0615234	0.0700684	0.0154496
8.0505838	0.0615234	0.0690918	0.0154496
8.0505819	0.0612793	0.0705566	0.0154496
8.0505810	0.0612793	0.0695801	0.0154496
8.0505800	0.0610352	0.0683594	0.0154496
8.0505791	0.0610352	0.0700684	0.0154496
8.0505791	0.0612793	0.0690918	0.0154496
8.0505791	0.0612793	0.0683594	0.0154496
8.0505781	0.0612793	0.0681152	0.0154496
8.0505781	0.0612793	0.0676270	0.0154496
8.0505772	0.0612793	0.0673828	0.0154496
8.0505772	0.0612793	0.0673828	0.0154496
8.0505762	0.0612793	0.0664062	0.0154496
8.0505762	0.0615234	0.0659180	0.0154496
8.0505762	0.0615234	0.0666504	0.0154496
8.0505772	0.0615234	0.0661621	0.0154496
8.0505772	0.0615234	0.0659180	0.0154496
8.0505772	0.0615234	0.0659180	0.0154496
8.0505781	0.0615234	0.0673828	0.0154496
8.0505781	0.0615234	0.0666504	0.0154496
8.0505791	0.0615234	0.0642090	0.0154496
8.0505800	0.0615234	0.0659180	0.0154496
8.0505810	0.0615234	0.0661621	0.0154496
8.0505810	0.0612793	0.0659180	0.0154496
8.0505810	0.0612793	0.0666504	0.0154496
8.0505819	0.0612793	0.0664062	0.0154496
8.0505829	0.0610352	0.0656738	0.0154496
8.0505838	0.0610352	0.0671387	0.0154496
8.0505848	0.0610352	0.0668945	0.0154496
8.0505857	0.0610352	0.0668945	0.0154496
8.0505867	0.0610352	0.0668945	0.0154496
8.0505877	0.0610352	0.0678711	0.0154496
8.0505886	0.0610352	0.0632324	0.0154496
8.0505896	0.0610352	0.0632324	0.0154496
8.0505915	0.0610352	0.0642090	0.0154496
8.0505934	0.0610352	0.0642090	0.0154496
8.0505943	0.0610352	0.0646973	0.0154496
8.0505962	0.0610352	0.0649414	0.0154496
8.0505981	0.0610352	0.0646973	0.0154496
8.0506010	0.0610352	0.0639648	0.0154496
8.0506020	0.0610352	0.0666504	0.0154496
8.0506039	0.0610352	0.0661621	0.0154496
8.0506058	0.0610352	0.0698242	0.0154496
8.0506077	0.0610352	0.0712891	0.0154495
8.0506086	0.0610352	0.0698242	0.0154495
8.0506086	0.0610352	0.0688477	0.0154495
8.0506096	0.0610352	0.0700684	0.0154495
8.0506105	0.0610352	0.0686035	0.0154495
8.0506105	0.0610352	0.0678711	0.0154495
8.0506105	0.0610352	0.0698242	0.0154495
8.0506105	0.0610352	0.0688477	0.0154495
8.0506096	0.0610352	0.0683594	0.0154495
8.0506086	0.0610352	0.0695801	0.0154495
8.0506067	0.0610352	0.0686035	0.0154495
8.0506058	0.0610352	0.0676270	0.0154495
8.0506029	0.0610352	0.0673828	0.0154496
8.0506001	0.0610352	0.0666504	0.0154496
8.0505972	0.0610352	0.0671387	0.0154496
8.0505943	0.0610352	0.0671387	0.0154496
8.0505915	0.0610352	0.0664062	0.0154496
8.0505877	0.0610352	0.0661621	0.0154496
8.0505857	0.0610352	0.0649414	0.0154496
8.0505829	0.0610352	0.0649414	0.0154496
8.0505800	0.0610352	0.0651855	0.0154496
8.0505753	0.0610352	0.0610352	0.0154496
8.0505724	0.0610352	0.0632324	0.0154496
8.0505686	0.0610352	0.0637207	0.0154496
8.0505657	0.0610352	0.0612793	0.0154497
8.0505590	0.0610352	0.0632324	0.0154497
8.0505524	0.0610352	0.0637207	0.0154497
8.0505476	0.0610352	0.0639648	0.0154497
8.0505419	0.0610352	0.0656738	0.0154497
8.0505333	0.0610352	0.0671387	0.0154497
8.0505257	0.0610352	0.0666504	0.0154498
8.0505199	0.0610352	0.0727539	0.0154498
8.0505142	0.0610352	0.0715332	0.0154498
8.0505085	0.0610352	0.0705566	0.0154498
8.0504990	0.0610352	0.0698242	0.0154498
8.0504932	0.0610352	0.0693359	0.0154498
8.0504866	0.0610352	0.0686035	0.0154499
8.0504808	0.0607910	0.0678711	0.0154499
8.0504694	0.0607910	0.0666504	0.0154499
8.0504618	0.0605469	0.0659180	0.0154499
8.0504532	0.0605469	0.0656738	0.0154499
8.0504446	0.0605469	0.0642090	0.0154500
8.0504332	0.0605469	0.0644531	0.0154500
8.0504217	0.0605469	0.0642090	0.0154500
8.0504141	0.0605469	0.0678711	0.0154500
8.0504065	0.0605469	0.0673828	0.0154501
8.0503950	0.0605469	0.0668945	0.0154501
8.0503845	0.0607910	0.0681152	0.0154501
8.0503778	0.0607910	0.0683594	0.0154501
8.0503712	0.0610352	0.0678711	0.0154502
8.0503645	0.0610352	0.0693359	0.0154502
8.0503550	0.0610352	0.0700684	0.0154502
8.0503483	0.0610352	0.0693359	0.0154502
8.0503416	0.0610352	0.0705566	0.0154502
8.0503340	0.0610352	0.0695801	0.0154503
8.0503254	0.0610352	0.0671387	0.0154503
8.0503197	0.0610352	0.0683594	0.0154503
8.0503139	0.0610352	0.0683594	0.0154503
8.0503082	0.0610352	0.0676270	0.0154503
8.0502987	0.0610352	0.0664062	0.0154503
8.0502901	0.0610352	0.0664062	0.0154504
8.0502844	0.0610352	0.0659180	0.0154504
8.0502787	0.0610352	0.0656738	0.0154504
8.0502729	0.0615234	0.0659180	0.0154504
8.0502644	0.0615234	0.0659180	0.0154504
8.0502586	0.0612793	0.0676270	0.0154505
8.0502529	0.0617676	0.0678711	0.0154505
8.0502472	0.0615234	0.0659180	0.0154505
8.0502357	0.0617676	0.0661621	0.0154505
8.0502291	0.0617676	0.0678711	0.0154505
8.0502224	0.0617676	0.0671387	0.0154505
8.0502148	0.0622559	0.0541992	0.0154506
8.0502071	0.0615234	0.0583496	0.0154506
8.0501995	0.0607910	0.0588379	0.0154506
8.0501947	0.0607910	0.0603027	0.0154506
8.0501890	0.0603027	0.0627441	0.0154506
8.0501852	0.0595703	0.0625000	0.0154506
8.0501814	0.0590820	0.0639648	0.0154507
8.0501823	0.0583496	0.0654297	0.0154506
8.0501833	0.0576172	0.0644531	0.0154506
8.0501842	0.0576172	0.0649414	0.0154506
8.0501881	0.0571289	0.0773926	0.0154506
8.0501919	0.0578613	0.0742187	0.0154506
8.0501957	0.0578613	0.0727539	0.0154506
8.0501995	0.0578613	0.0708008	0.0154506
8.0502033	0.0585937	0.0690918	0.0154506
8.0502052	0.0588379	0.0683594	0.0154506
8.0502071	0.0595703	0.0678711	0.0154506
8.0502090	0.0600586	0.0673828	0.0154506
8.0502119	0.0607910	0.0671387	0.0154506
8.0502148	0.0607910	0.0671387	0.0154506
8.0502148	0.0607910	0.0683594	0.0154506
8.0502148	0.0607910	0.0678711	0.0154506
8.0502167	0.0610352	0.0661621	0.0154506
8.0502186	0.0610352	0.0678711	0.0154506
8.0502205	0.0610352	0.0676270	0.0154506
8.0502224	0.0610352	0.0671387	0.0154505
8.0502243	0.0610352	0.0683594	0.0154505
8.0502272	0.0610352	0.0676270	0.0154505
8.0502291	0.0610352	0.0673828	0.0154505
8.0502310	0.0607910	0.0681152	0.0154505
8.0502329	0.0607910	0.0673828	0.0154505
8.0502357	0.0607910	0.0671387	0.0154505
8.0502377	0.0607910	0.0678711	0.0154505
8.0502386	0.0607910	0.0673828	0.0154505
8.0502396	0.0607910	0.0671387	0.0154505
8.0502424	0.0607910	0.0666504	0.0154505
8.0502443	0.0607910	0.0661621	0.0154505
8.0502472	0.0607910	0.0642090	0.0154505
8.0502491	0.0607910	0.0642090	0.0154505
8.0502510	0.0610352	0.0634766	0.0154505
8.0502567	0.0610352	0.0622559	0.0154505
8.0502615	0.0610352	0.0625000	0.0154504
8.0502663	0.0610352	0.0646973	0.0154504
8.0502710	0.0610352	0.0646973	0.0154504
8.0502739	0.0607910	0.0639648	0.0154504
8.0502768	0.0607910	0.0659180	0.0154504
8.0502787	0.0605469	0.0642090	0.0154504
8.0502806	0.0603027	0.0659180	0.0154504
8.0502806	0.0603027	0.0671387	0.0154504
8.0502806	0.0603027	0.0671387	0.0154504
8.0502768	0.0600586	0.0561523	0.0154504
8.0502729	0.0600586	0.0593262	0.0154504
8.0502682	0.0600586	0.0585937	0.0154504
8.0502625	0.0598145	0.0590820	0.0154504
8.0502586	0.0600586	0.0607910	0.0154505
8.0502548	0.0600586	0.0612793	0.0154505
8.0502510	0.0603027	0.0629883	0.0154505
8.0502472	0.0605469	0.0627441	0.0154505
8.0502443	0.0605469	0.0615234	0.0154505
8.0502424	0.0605469	0.0615234	0.0154505
8.0502405	0.0607910	0.0749512	0.0154505
8.0502377	0.0607910	0.0729980	0.0154505
8.0502367	0.0607910	0.0725098	0.0154505
8.0502357	0.0610352	0.0710449	0.0154505
8.0502338	0.0607910	0.0695801	0.0154505
8.0502329	0.0607910	0.0678711	0.0154505
8.0502319	0.0607910	0.0671387	0.0154505
8.0502310	0.0607910	0.0678711	0.0154505
8.0502300	0.0607910	0.0683594	0.0154505
8.0502281	0.0607910	0.0673828	0.0154505
8.0502262	0.0605469	0.0686035	0.0154505
8.0502243	0.0605469	0.0673828	0.0154505
8.0502234	0.0605469	0.0668945	0.0154505
8.0502214	0.0605469	0.0683594	0.0154505
8.0502167	0.0607910	0.0688477	0.0154506
8.0502129	0.0607910	0.0681152	0.0154506
8.0502081	0.0607910	0.0695801	0.0154506
8.0502033	0.0607910	0.0690918	0.0154506
8.0501947	0.0605469	0.0683594	0.0154506
8.0501881	0.0603027	0.0668945	0.0154506
8.0501804	0.0605469	0.0651855	0.0154507
8.0501738	0.0605469	0.0651855	0.0154507
8.0501642	0.0605469	0.0651855	0.0154507
8.0501547	0.0605469	0.0646973	0.0154507
8.0501490	0.0605469	0.0644531	0.0154507
8.0501423	0.0605469	0.0644531	0.0154508
8.0501366	0.0605469	0.0637207	0.0154508
8.0501299	0.0605469	0.0637207	0.0154508
8.0501280	0.0607910	0.0639648	0.0154508
8.0501251	0.0610352	0.0661621	0.0154508
8.0501232	0.0610352	0.0656738	0.0154508
8.0501204	0.0610352	0.0661621	0.0154508
8.0501204	0.0610352	0.0671387	0.0154508
8.0501194	0.0610352	0.0666504	0.0154508
8.0501194	0.0610352	0.0659180	0.0154508
8.0501184	0.0610352	0.0673828	0.0154508
8.0501175	0.0610352	0.0668945	0.0154508
8.0501175	0.0610352	0.0661621	0.0154508
8.0501165	0.0610352	0.0671387	0.0154508
8.0501156	0.0610352	0.0668945	0.0154508
8.0501146	0.0610352	0.0661621	0.0154508
8.0501137	0.0610352	0.0676270	0.0154508
8.0501127	0.0610352	0.0671387	0.0154508
8.0501118	0.0610352	0.0664062	0.0154508
8.0501099	0.0610352	0.0659180	0.0154508
8.0501089	0.0610352	0.0649414	0.0154508
8.0501080	0.0607910	0.0646973	0.0154508
8.0501060	0.0607910	0.0644531	0.0154508
8.0501041	0.0605469	0.0644531	0.0154509
8.0501013	0.0603027	0.0642090	0.0154509
8.0500994	0.0600586	0.0637207	0.0154509
8.0500975	0.0598145	0.0637207	0.0154509
8.0500937	0.0598145	0.0634766	0.0154509
8.0500908	0.0595703	0.0629883	0.0154509
8.0500889	0.0593262	0.0651855	0.0154509
8.0500860	0.0590820	0.0651855	0.0154509
8.0500841	0.0590820	0.0642090	0.0154509
8.0500832	0.0590820	0.0659180	0.0154509
8.0500841	0.0590820	0.0644531	0.0154509
8.0500851	0.0590820	0.0637207	0.0154509
8.0500860	0.0590820	0.0659180	0.0154509
8.0500889	0.0593262	0.0637207	0.0154509
8.0500937	0.0590820	0.0632324	0.0154509
8.0500975	0.0590820	0.0651855	0.0154509
8.0501013	0.0593262	0.0600586	0.0154509
8.0501060	0.0593262	0.0595703	0.0154508
8.0501108	0.0593262	0.0600586	0.0154508
8.0501137	0.0590820	0.0595703	0.0154508
8.0501175	0.0590820	0.0603027	0.0154508
8.0501175	0.0590820	0.0603027	0.0154508
8.0501184	0.0590820	0.0603027	0.0154508
8.0501165	0.0588379	0.0603027	0.0154508
8.0501146	0.0590820	0.0612793	0.0154508
8.0501127	0.0590820	0.0607910	0.0154508
8.0501089	0.0590820	0.0649414	0.0154508
8.0501041	0.0590820	0.0644531	0.0154509
8.0500994	0.0593262	0.0651855	0.0154509
8.0500946	0.0593262	0.0644531	0.0154509
8.0500898	0.0595703	0.0632324	0.0154509
8.0500879	0.0595703	0.0644531	0.0154509
8.0500860	0.0595703	0.0625000	0.0154509
8.0500841	0.0595703	0.0617676	0.0154509
8.0500822	0.0593262	0.0632324	0.0154509
8.0500803	0.0593262	0.0625000	0.0154509
8.0500813	0.0590820	0.0615234	0.0154509
8.0500813	0.0590820	0.0632324	0.0154509
8.0500822	0.0588379	0.0629883	0.0154509
8.0500832	0.0588379	0.0617676	0.0154509
8.0500832	0.0585937	0.0627441	0.0154509
8.0500832	0.0585937	0.0622559	0.0154509
8.0500832	0.0585937	0.0622559	0.0154509
8.0500841	0.0585937	0.0610352	0.0154509
8.0500851	0.0585937	0.0607910	0.0154509
8.0500860	0.0585937	0.0576172	0.0154509
8.0500870	0.0585937	0.0571289	0.0154509
8.0500879	0.0585937	0.0566406	0.0154509
8.0500898	0.0585937	0.0566406	0.0154509
8.0500908	0.0585937	0.0566406	0.0154509
8.0500927	0.0585937	0.0573730	0.0154509
8.0500946	0.0585937	0.0571289	0.0154509
8.0500965	0.0585937	0.0563965	0.0154509
8.0500975	0.0585937	0.0590820	0.0154509
8.0500984	0.0585937	0.0566406	0.0154509
8.0501003	0.0585937	0.0585937	0.0154509
8.0501022	0.0585937	0.0607910	0.0154509
8.0501032	0.0585937	0.0605469	0.0154509
8.0501051	0.0585937	0.0590820	0.0154509
8.0501070	0.0585937	0.0612793	0.0154508
8.0501080	0.0585937	0.0605469	0.0154508
8.0501089	0.0585937	0.0588379	0.0154508
8.0501099	0.0585937	0.0605469	0.0154508
8.0501108	0.0585937	0.0598145	0.0154508
8.0501137	0.0585937	0.0590820	0.0154508
8.0501165	0.0585937	0.0603027	0.0154508
8.0501184	0.0585937	0.0595703	0.0154508
8.0501204	0.0585937	0.0581055	0.0154508
8.0501242	0.0585937	0.0576172	0.0154508
8.0501280	0.0585937	0.0573730	0.0154508
8.0501318	0.0585937	0.0563965	0.0154508
8.0501356	0.0585937	0.0561523	0.0154508
8.0501404	0.0585937	0.0554199	0.0154508
8.0501432	0.0585937	0.0546875	0.0154508
8.0501442	0.0585937	0.0544434	0.0154507
8.0501461	0.0585937	0.0571289	0.0154507
8.0501471	0.0585937	0.0561523	0.0154507
8.0501480	0.0585937	0.0556641	0.0154507
8.0501471	0.0585937	0.0559082	0.0154507
8.0501471	0.0585937	0.0549316	0.0154507
8.0501461	0.0585937	0.0544434	0.0154507
8.0501451	0.0585937	0.0571289	0.0154507
8.0501442	0.0585937	0.0566406	0.0154507
8.0501442	0.0585937	0.0559082	0.0154507
8.0501432	0.0585937	0.0561523	0.0154508
8.0501432	0.0585937	0.0551758	0.0154508
8.0501423	0.0585937	0.0546875	0.0154508
8.0501413	0.0585937	0.0549316	0.0154508
8.0501404	0.0585937	0.0554199	0.0154508
8.0501394	0.0585937	0.0546875	0.0154508
8.0501366	0.0585937	0.0524902	0.0154508
8.0501356	0.0585937	0.0520020	0.0154508
8.0501337	0.0585937	0.0520020	0.0154508
8.0501318	0.0585937	0.0524902	0.0154508
8.0501280	0.0585937	0.0541992	0.0154508
8.0501242	0.0585937	0.0524902	0.0154508
8.0501204	0.0585937	0.0505371	0.0154508
8.0501175	0.0585937	0.0527344	0.0154508
8.0501137	0.0585937	0.0534668	0.0154508
8.0501108	0.0585937	0.0539551	0.0154508
8.0501089	0.0585937	0.0578613	0.0154508
8.0501070	0.0585937	0.0568848	0.0154508
8.0501041	0.0585937	0.0568848	0.0154509
8.0501041	0.0585937	0.0576172	0.0154509
8.0501070	0.0585937	0.0566406	0.0154508
8.0501089	0.0585937	0.0556641	0.0154508
8.0501108	0.0585937	0.0612793	0.0154508
8.0501146	0.0585937	0.0598145	0.0154508
8.0501194	0.0585937	0.0590820	0.0154508
8.0501232	0.0585937	0.0595703	0.0154508
8.0501270	0.0585937	0.0583496	0.0154508
8.0501328	0.0585937	0.0576172	0.0154508
8.0501394	0.0585937	0.0561523	0.0154508
8.0501432	0.0585937	0.0561523	0.0154508
8.0501461	0.0585937	0.0556641	0.0154507
8.0501518	0.0585937	0.0546875	0.0154507
8.0501566	0.0585937	0.0539551	0.0154507
8.0501604	0.0585937	0.0539551	0.0154507
8.0501633	0.0585937	0.0529785	0.0154507
8.0501661	0.0585937	0.0529785	0.0154507
8.0501709	0.0585937	0.0527344	0.0154507
8.0501747	0.0585937	0.0522461	0.0154507
8.0501776	0.0585937	0.0546875	0.0154507
8.0501804	0.0585937	0.0541992	0.0154507
8.0501862	0.0585937	0.0534668	0.0154506
8.0501900	0.0585937	0.0556641	0.0154506
8.0501938	0.0585937	0.0546875	0.0154506
8.0501976	0.0585937	0.0537109	0.0154506
8.0502033	0.0585937	0.0559082	0.0154506
8.0502081	0.0585937	0.0551758	0.0154506
8.0502110	0.0585937	0.0544434	0.0154506
8.0502148	0.0585937	0.0566406	0.0154506
8.0502186	0.0585937	0.0559082	0.0154506
8.0502243	0.0585937	0.0546875	0.0154505
8.0502281	0.0585937	0.0541992	0.0154505
8.0502329	0.0585937	0.0529785	0.0154505
8.0502367	0.0585937	0.0520020	0.0154505
8.0502453	0.0585937	0.0517578	0.0154505
8.0502529	0.0585937	0.0515137	0.0154505
8.0502605	0.0585937	0.0512695	0.0154504
8.0502672	0.0585937	0.0512695	0.0154504
8.0502768	0.0585937	0.0507812	0.0154504
8.0502863	0.0585937	0.0502930	0.0154504
8.0502920	0.0585937	0.0505371	0.0154504
8.0502987	0.0585937	0.0529785	0.0154503
8.0503054	0.0585937	0.0529785	0.0154503
8.0503130	0.0585937	0.0517578	0.0154503
8.0503159	0.0585937	0.0539551	0.0154503
8.0503178	0.0585937	0.0532227	0.0154503
8.0503206	0.0585937	0.0527344	0.0154503
8.0503244	0.0583496	0.0544434	0.0154503
8.0503263	0.0583496	0.0534668	0.0154503
8.0503283	0.0581055	0.0529785	0.0154503
8.0503302	0.0581055	0.0539551	0.0154503
8.0503340	0.0581055	0.0529785	0.0154503
8.0503359	0.0581055	0.0527344	0.0154502
8.0503387	0.0578613	0.0544434	0.0154502
8.0503407	0.0578613	0.0549316	0.0154502
8.0503454	0.0578613	0.0515137	0.0154502
8.0503492	0.0578613	0.0507812	0.0154502
8.0503521	0.0581055	0.0505371	0.0154502
8.0503559	0.0581055	0.0507812	0.0154502
8.0503588	0.0581055	0.0500488	0.0154502
8.0503626	0.0581055	0.0505371	0.0154502
8.0503654	0.0581055	0.0505371	0.0154502
8.0503674	0.0581055	0.0498047	0.0154502
8.0503702	0.0583496	0.0493164	0.0154502
8.0503721	0.0583496	0.0485840	0.0154502
8.0503721	0.0583496	0.0505371	0.0154502
8.0503721	0.0583496	0.0529785	0.0154502
8.0503721	0.0583496	0.0524902	0.0154502
8.0503721	0.0581055	0.0510254	0.0154502
8.0503712	0.0583496	0.0534668	0.0154502
8.0503712	0.0583496	0.0527344	0.0154502
8.0503702	0.0583496	0.0515137	0.0154502
8.0503712	0.0583496	0.0537109	0.0154502
8.0503712	0.0583496	0.0534668	0.0154502
8.0503721	0.0583496	0.0532227	0.0154502
8.0503731	0.0583496	0.0551758	0.0154502
8.0503740	0.0583496	0.0527344	0.0154502
8.0503750	0.0583496	0.0515137	0.0154501
8.0503750	0.0585937	0.0515137	0.0154501
8.0503759	0.0585937	0.0510254	0.0154501
8.0503769	0.0585937	0.0502930	0.0154501
8.0503769	0.0585937	0.0502930	0.0154501
8.0503759	0.0585937	0.0502930	0.0154501
8.0503750	0.0585937	0.0495605	0.0154501
8.0503740	0.0585937	0.0478516	0.0154502
8.0503721	0.0585937	0.0461426	0.0154502
8.0503693	0.0585937	0.0473633	0.0154502
8.0503674	0.0585937	0.0478516	0.0154502
8.0503654	0.0585937	0.0483398	0.0154502
8.0503616	0.0585937	0.0471191	0.0154502
8.0503578	0.0585937	0.0473633	0.0154502
8.0503540	0.0583496	0.0478516	0.0154502
8.0503511	0.0581055	0.0463867	0.0154502
8.0503483	0.0578613	0.0463867	0.0154502
8.0503426	0.0578613	0.0490723	0.0154502
8.0503387	0.0576172	0.0515137	0.0154502
8.0503349	0.0576172	0.0505371	0.0154503
8.0503311	0.0576172	0.0488281	0.0154503
8.0503244	0.0576172	0.0500488	0.0154503
8.0503206	0.0576172	0.0502930	0.0154503
8.0503168	0.0576172	0.0500488	0.0154503
8.0503130	0.0576172	0.0510254	0.0154503
8.0503044	0.0576172	0.0507812	0.0154503
8.0502968	0.0576172	0.0498047	0.0154504
8.0502901	0.0573730	0.0488281	0.0154504
8.0502844	0.0576172	0.0488281	0.0154504
8.0502768	0.0576172	0.0490723	0.0154504
8.0502682	0.0573730	0.0510254	0.0154504
8.0502625	0.0571289	0.0502930	0.0154504
8.0502567	0.0571289	0.0500488	0.0154505
8.0502510	0.0571289	0.0512695	0.0154505
8.0502453	0.0573730	0.0502930	0.0154505
8.0502443	0.0576172	0.0502930	0.0154505
8.0502424	0.0578613	0.0522461	0.0154505
8.0502415	0.0581055	0.0512695	0.0154505
8.0502396	0.0581055	0.0502930	0.0154505
8.0502396	0.0581055	0.0510254	0.0154505
8.0502386	0.0581055	0.0510254	0.0154505
8.0502386	0.0583496	0.0498047	0.0154505
8.0502386	0.0583496	0.0507812	0.0154505
8.0502396	0.0583496	0.0498047	0.0154505
8.0502396	0.0583496	0.0500488	0.0154505
8.0502396	0.0583496	0.0512695	0.0154505
8.0502396	0.0583496	0.0505371	0.0154505
8.0502405	0.0583496	0.0505371	0.0154505
8.0502424	0.0583496	0.0488281	0.0154505
8.0502443	0.0583496	0.0490723	0.0154505
8.0502462	0.0585937	0.0490723	0.0154505
8.0502481	0.0585937	0.0495605	0.0154505
8.0502501	0.0585937	0.0493164	0.0154505
8.0502520	0.0585937	0.0495605	0.0154505
8.0502529	0.0585937	0.0490723	0.0154505
8.0502558	0.0585937	0.0485840	0.0154505
8.0502586	0.0585937	0.0473633	0.0154505
8.0502605	0.0585937	0.0468750	0.0154504
8.0502625	0.0583496	0.0488281	0.0154504
8.0502644	0.0583496	0.0493164	0.0154504
8.0502672	0.0583496	0.0485840	0.0154504
8.0502691	0.0583496	0.0502930	0.0154504
8.0502710	0.0583496	0.0498047	0.0154504
8.0502720	0.0583496	0.0488281	0.0154504
8.0502748	0.0583496	0.0502930	0.0154504
8.0502758	0.0583496	0.0502930	0.0154504
8.0502768	0.0583496	0.0507812	0.0154504
8.0502777	0.0583496	0.0522461	0.0154504
8.0502834	0.0585937	0.0515137	0.0154504
8.0502882	0.0583496	0.0512695	0.0154504
8.0502939	0.0581055	0.0510254	0.0154504
8.0502996	0.0578613	0.0505371	0.0154503
8.0503082	0.0578613	0.0502930	0.0154503
8.0503159	0.0578613	0.0502930	0.0154503
8.0503235	0.0578613	0.0498047	0.0154503
8.0503321	0.0578613	0.0490723	0.0154503
8.0503416	0.0578613	0.0490723	0.0154502
8.0503511	0.0578613	0.0488281	0.0154502
8.0503550	0.0578613	0.0483398	0.0154502
8.0503597	0.0581055	0.0478516	0.0154502
8.0503635	0.0583496	0.0493164	0.0154502
8.0503702	0.0585937	0.0485840	0.0154502
8.0503731	0.0585937	0.0485840	0.0154502
8.0503759	0.0585937	0.0498047	0.0154501
8.0503788	0.0583496	0.0493164	0.0154501
8.0503836	0.0583496	0.0493164	0.0154501
8.0503855	0.0583496	0.0495605	0.0154501
8.0503874	0.0583496	0.0488281	0.0154501
8.0503902	0.0583496	0.0476074	0.0154501
8.0503941	0.0583496	0.0483398	0.0154501
8.0503979	0.0583496	0.0480957	0.0154501
8.0504007	0.0583496	0.0483398	0.0154501
8.0504036	0.0583496	0.0493164	0.0154501
8.0504055	0.0583496	0.0490723	0.0154501
8.0504103	0.0585937	0.0478516	0.0154501
8.0504141	0.0583496	0.0476074	0.0154500
8.0504179	0.0585937	0.0483398	0.0154500
8.0504217	0.0585937	0.0485840	0.0154500
8.0504274	0.0585937	0.0498047	0.0154500
8.0504322	0.0585937	0.0493164	0.0154500
8.0504360	0.0583496	0.0500488	0.0154500
8.0504408	0.0583496	0.0495605	0.0154500
8.0504484	0.0583496	0.0493164	0.0154500
8.0504560	0.0583496	0.0493164	0.0154499
8.0504618	0.0583496	0.0498047	0.0154499
8.0504675	0.0583496	0.0507812	0.0154499
8.0504770	0.0581055	0.0495605	0.0154499
8.0504866	0.0581055	0.0490723	0.0154499
8.0504932	0.0581055	0.0500488	0.0154498
8.0504999	0.0578613	0.0498047	0.0154498
8.0505066	0.0578613	0.0493164	0.0154498
8.0505161	0.0578613	0.0502930	0.0154498
8.0505209	0.0578613	0.0500488	0.0154498
8.0505266	0.0578613	0.0495605	0.0154498
8.0505323	0.0578613	0.0507812	0.0154497
8.0505409	0.0578613	0.0493164	0.0154497
8.0505457	0.0576172	0.0498047	0.0154497
8.0505514	0.0576172	0.0495605	0.0154497
8.0505562	0.0573730	0.0483398	0.0154497
8.0505648	0.0576172	0.0480957	0.0154497
8.0505724	0.0578613	0.0480957	0.0154496
8.0505781	0.0576172	0.0476074	0.0154496
8.0505838	0.0576172	0.0473633	0.0154496
8.0505915	0.0576172	0.0473633	0.0154496
8.0506001	0.0576172	0.0476074	0.0154496
8.0506048	0.0578613	0.0485840	0.0154496
8.0506096	0.0581055	0.0485840	0.0154495
8.0506144	0.0581055	0.0498047	0.0154495
8.0506229	0.0583496	0.0502930	0.0154495
8.0506277	0.0583496	0.0500488	0.0154495
8.0506334	0.0583496	0.0502930	0.0154495
8.0506392	0.0590820	0.0500488	0.0154495
8.0506468	0.0590820	0.0500488	0.0154494
8.0506516	0.0590820	0.0512695	0.0154494
8.0506573	0.0593262	0.0505371	0.0154494
8.0506620	0.0593262	0.0505371	0.0154494
8.0506706	0.0593262	0.0515137	0.0154494
8.0506783	0.0593262	0.0507812	0.0154494
8.0506840	0.0593262	0.0505371	0.0154493
8.0506887	0.0593262	0.0505371	0.0154493
8.0506935	0.0593262	0.0500488	0.0154493
8.0507021	0.0588379	0.0502930	0.0154493
8.0507078	0.0588379	0.0500488	0.0154493
8.0507135	0.0588379	0.0493164	0.0154493
8.0507193	0.0585937	0.0493164	0.0154493
8.0507269	0.0585937	0.0480957	0.0154492
8.0507317	0.0585937	0.0478516	0.0154492
8.0507374	0.0585937	0.0480957	0.0154492
8.0507421	0.0583496	0.0476074	0.0154492
8.0507498	0.0583496	0.0483398	0.0154492
8.0507574	0.0583496	0.0485840	0.0154492
8.0507612	0.0581055	0.0490723	0.0154491
8.0507660	0.0581055	0.0498047	0.0154491
8.0507727	0.0583496	0.0498047	0.0154491
8.0507793	0.0583496	0.0495605	0.0154491
8.0507841	0.0581055	0.0512695	0.0154491
8.0507889	0.0581055	0.0510254	0.0154491
8.0507936	0.0581055	0.0507812	0.0154491
8.0508003	0.0581055	0.0515137	0.0154490
8.0508051	0.0581055	0.0512695	0.0154490
8.0508089	0.0578613	0.0505371	0.0154490
8.0508137	0.0581055	0.0515137	0.0154490
8.0508213	0.0581055	0.0510254	0.0154490
8.0508261	0.0576172	0.0505371	0.0154490
8.0508308	0.0573730	0.0500488	0.0154490
8.0508366	0.0573730	0.0498047	0.0154490
8.0508442	0.0573730	0.0495605	0.0154489
8.0508518	0.0573730	0.0488281	0.0154489
8.0508575	0.0573730	0.0490723	0.0154489
8.0508633	0.0573730	0.0476074	0.0154489
8.0508709	0.0576172	0.0473633	0.0154489
8.0508785	0.0576172	0.0466309	0.0154488
8.0508833	0.0576172	0.0468750	0.0154488
8.0508871	0.0578613	0.0463867	0.0154488
8.0508919	0.0581055	0.0473633	0.0154488
8.0508986	0.0581055	0.0463867	0.0154488
8.0509033	0.0578613	0.0461426	0.0154488
8.0509071	0.0578613	0.0476074	0.0154488
8.0509119	0.0581055	0.0476074	0.0154488
8.0509186	0.0578613	0.0483398	0.0154487
8.0509233	0.0576172	0.0493164	0.0154487
8.0509281	0.0576172	0.0478516	0.0154487
8.0509329	0.0576172	0.0473633	0.0154487
8.0509396	0.0576172	0.0488281	0.0154487
8.0509472	0.0576172	0.0478516	0.0154487
8.0509510	0.0578613	0.0480957	0.0154487
8.0509558	0.0581055	0.0478516	0.0154486
8.0509596	0.0581055	0.0478516	0.0154486
8.0509663	0.0581055	0.0473633	0.0154486
8.0509691	0.0583496	0.0473633	0.0154486
8.0509729	0.0585937	0.0473633	0.0154486
8.0509768	0.0583496	0.0480957	0.0154486
8.0509815	0.0583496	0.0488281	0.0154486
8.0509834	0.0583496	0.0485840	0.0154486
8.0509863	0.0583496	0.0490723	0.0154486
8.0509882	0.0581055	0.0488281	0.0154486
8.0509911	0.0578613	0.0498047	0.0154485
8.0509939	0.0578613	0.0490723	0.0154485
8.0509949	0.0576172	0.0488281	0.0154485
8.0509958	0.0573730	0.0493164	0.0154485
8.0509968	0.0571289	0.0488281	0.0154485
8.0509977	0.0571289	0.0483398	0.0154485
8.0509987	0.0568848	0.0488281	0.0154485
8.0509987	0.0566406	0.0476074	0.0154485
8.0509996	0.0563965	0.0473633	0.0154485
8.0509987	0.0563965	0.0488281	0.0154485
8.0509977	0.0563965	0.0483398	0.0154485
8.0509968	0.0561523	0.0478516	0.0154485
8.0509968	0.0561523	0.0478516	0.0154485
8.0509949	0.0561523	0.0478516	0.0154485
8.0509939	0.0561523	0.0476074	0.0154485
8.0509920	0.0561523	0.0476074	0.0154485
8.0509911	0.0561523	0.0476074	0.0154485
8.0509882	0.0561523	0.0478516	0.0154486
8.0509863	0.0561523	0.0476074	0.0154486
8.0509853	0.0561523	0.0471191	0.0154486
8.0509834	0.0561523	0.0468750	0.0154486
8.0509806	0.0561523	0.0468750	0.0154486
8.0509777	0.0561523	0.0476074	0.0154486
8.0509758	0.0561523	0.0471191	0.0154486
8.0509739	0.0563965	0.0468750	0.0154486
8.0509720	0.0563965	0.0476074	0.0154486
8.0509682	0.0563965	0.0461426	0.0154486
8.0509663	0.0563965	0.0454102	0.0154486
8.0509634	0.0563965	0.0463867	0.0154486
8.0509615	0.0563965	0.0461426	0.0154486
8.0509567	0.0563965	0.0451660	0.0154486
8.0509539	0.0563965	0.0461426	0.0154486
8.0509520	0.0563965	0.0458984	0.0154487
8.0509491	0.0566406	0.0458984	0.0154487
8.0509443	0.0563965	0.0466309	0.0154487
8.0509405	0.0563965	0.0461426	0.0154487
8.0509367	0.0563965	0.0456543	0.0154487
8.0509338	0.0563965	0.0468750	0.0154487
8.0509310	0.0563965	0.0466309	0.0154487
8.0509272	0.0566406	0.0463867	0.0154487
8.0509243	0.0563965	0.0471191	0.0154487
8.0509224	0.0563965	0.0466309	0.0154487
8.0509205	0.0566406	0.0456543	0.0154487
8.0509176	0.0563965	0.0456543	0.0154487
8.0509167	0.0563965	0.0456543	0.0154487
8.0509148	0.0566406	0.0458984	0.0154487
8.0509138	0.0568848	0.0463867	0.0154487
8.0509119	0.0571289	0.0473633	0.0154488
8.0509090	0.0571289	0.0471191	0.0154488
8.0509081	0.0566406	0.0468750	0.0154488
8.0509062	0.0568848	0.0476074	0.0154488
8.0509043	0.0568848	0.0473633	0.0154488
8.0509033	0.0566406	0.0478516	0.0154488
8.0509024	0.0566406	0.0485840	0.0154488
8.0509014	0.0566406	0.0473633	0.0154488
8.0509005	0.0563965	0.0468750	0.0154488
8.0508986	0.0563965	0.0478516	0.0154488
8.0508976	0.0561523	0.0476074	0.0154488
8.0508966	0.0561523	0.0471191	0.0154488
8.0508957	0.0563965	0.0468750	0.0154488
8.0508947	0.0566406	0.0466309	0.0154488
8.0508938	0.0568848	0.0463867	0.0154488
8.0508928	0.0568848	0.0461426	0.0154488
8.0508919	0.0568848	0.0458984	0.0154488
8.0508900	0.0568848	0.0466309	0.0154488
8.0508890	0.0568848	0.0466309	0.0154488
8.0508881	0.0568848	0.0463867	0.0154488
8.0508871	0.0566406	0.0454102	0.0154488
8.0508852	0.0566406	0.0456543	0.0154488
8.0508842	0.0566406	0.0463867	0.0154488
8.0508823	0.0566406	0.0461426	0.0154488
8.0508814	0.0563965	0.0461426	0.0154488
8.0508804	0.0563965	0.0471191	0.0154488
8.0508795	0.0563965	0.0468750	0.0154488
8.0508785	0.0563965	0.0466309	0.0154488
8.0508776	0.0563965	0.0471191	0.0154488
8.0508766	0.0561523	0.0466309	0.0154488
8.0508757	0.0563965	0.0461426	0.0154488
8.0508757	0.0563965	0.0476074	0.0154488
8.0508747	0.0563965	0.0473633	0.0154488
8.0508747	0.0561523	0.0471191	0.0154489
8.0508728	0.0561523	0.0476074	0.0154489
8.0508709	0.0561523	0.0471191	0.0154489
8.0508699	0.0561523	0.0468750	0.0154489
8.0508680	0.0561523	0.0468750	0.0154489
8.0508671	0.0561523	0.0468750	0.0154489
8.0508642	0.0561523	0.0466309	0.0154489
8.0508623	0.0561523	0.0466309	0.0154489
8.0508604	0.0561523	0.0463867	0.0154489
8.0508585	0.0561523	0.0461426	0.0154489
8.0508537	0.0561523	0.0458984	0.0154489
8.0508509	0.0561523	0.0458984	0.0154489
8.0508480	0.0561523	0.0458984	0.0154489
8.0508451	0.0561523	0.0456543	0.0154489
8.0508394	0.0561523	0.0461426	0.0154489
8.0508337	0.0561523	0.0458984	0.0154490
8.0508280	0.0561523	0.0458984	0.0154490
8.0508232	0.0561523	0.0466309	0.0154490
8.0508165	0.0561523	0.0461426	0.0154490
8.0508089	0.0561523	0.0458984	0.0154490
8.0508041	0.0561523	0.0466309	0.0154490
8.0507994	0.0561523	0.0463867	0.0154490
8.0507936	0.0561523	0.0461426	0.0154491
8.0507851	0.0561523	0.0468750	0.0154491
8.0507803	0.0561523	0.0468750	0.0154491
8.0507746	0.0563965	0.0466309	0.0154491
8.0507689	0.0563965	0.0466309	0.0154491
8.0507593	0.0563965	0.0468750	0.0154492
8.0507526	0.0563965	0.0463867	0.0154492
8.0507460	0.0563965	0.0466309	0.0154492
8.0507383	0.0563965	0.0468750	0.0154492
8.0507278	0.0563965	0.0466309	0.0154492
8.0507174	0.0563965	0.0466309	0.0154493
8.0507097	0.0563965	0.0468750	0.0154493
8.0507021	0.0563965	0.0463867	0.0154493
8.0506907	0.0561523	0.0463867	0.0154493
8.0506792	0.0563965	0.0471191	0.0154494
8.0506706	0.0566406	0.0466309	0.0154494
8.0506630	0.0568848	0.0463867	0.0154494
8.0506544	0.0571289	0.0478516	0.0154494
8.0506411	0.0573730	0.0473633	0.0154495
8.0506325	0.0573730	0.0473633	0.0154495
8.0506229	0.0573730	0.0480957	0.0154495
8.0506134	0.0573730	0.0476074	0.0154495
8.0505991	0.0573730	0.0476074	0.0154496
8.0505896	0.0576172	0.0476074	0.0154496
8.0505791	0.0576172	0.0471191	0.0154496
8.0505695	0.0576172	0.0471191	0.0154496
8.0505533	0.0576172	0.0483398	0.0154497
8.0505381	0.0573730	0.0476074	0.0154497
8.0505266	0.0573730	0.0476074	0.0154498
8.0505161	0.0573730	0.0476074	0.0154498
8.0505047	0.0573730	0.0471191	0.0154498
8.0504885	0.0573730	0.0471191	0.0154499
8.0504770	0.0576172	0.0471191	0.0154499
8.0504656	0.0573730	0.0478516	0.0154499
8.0504551	0.0571289	0.0478516	0.0154499
8.0504370	0.0571289	0.0478516	0.0154500
8.0504255	0.0571289	0.0471191	0.0154500
8.0504141	0.0573730	0.0473633	0.0154500
8.0504026	0.0571289	0.0471191	0.0154501
8.0503845	0.0573730	0.0478516	0.0154501
8.0503654	0.0573730	0.0478516	0.0154502
8.0503521	0.0573730	0.0476074	0.0154502
8.0503387	0.0571289	0.0483398	0.0154502
8.0503187	0.0571289	0.0478516	0.0154503
8.0502987	0.0571289	0.0478516	0.0154503
8.0502844	0.0568848	0.0483398	0.0154504
8.0502701	0.0566406	0.0480957	0.0154504
8.0502567	0.0566406	0.0473633	0.0154505
8.0502348	0.0566406	0.0480957	0.0154505
8.0502195	0.0563965	0.0476074	0.0154506
8.0502052	0.0563965	0.0473633	0.0154506
8.0501909	0.0563965	0.0473633	0.0154506
8.0501671	0.0566406	0.0471191	0.0154507
8.0501499	0.0566406	0.0471191	0.0154507
8.0501328	0.0568848	0.0468750	0.0154508
8.0501165	0.0568848	0.0466309	0.0154508
8.0500908	0.0568848	0.0468750	0.0154509
8.0500650	0.0568848	0.0466309	0.0154510
8.0500469	0.0568848	0.0466309	0.0154510
8.0500298	0.0571289	0.0466309	0.0154510
8.0500021	0.0571289	0.0466309	0.0154511
8.0499754	0.0571289	0.0473633	0.0154512
8.0499563	0.0571289	0.0471191	0.0154512
8.0499382	0.0571289	0.0468750	0.0154513
8.0499201	0.0571289	0.0476074	0.0154513
8.0498915	0.0573730	0.0480957	0.0154514
8.0498724	0.0576172	0.0476074	0.0154515
8.0498524	0.0573730	0.0483398	0.0154515
8.0498323	0.0573730	0.0483398	0.0154516
8.0498028	0.0573730	0.0480957	0.0154516
8.0497837	0.0576172	0.0488281	0.0154517
8.0497637	0.0578613	0.0478516	0.0154517
8.0497446	0.0576172	0.0476074	0.0154518
8.0497141	0.0576172	0.0476074	0.0154519
8.0496836	0.0576172	0.0473633	0.0154519
8.0496635	0.0573730	0.0466309	0.0154520
8.0496426	0.0571289	0.0466309	0.0154521
8.0496225	0.0573730	0.0466309	0.0154521
8.0495920	0.0573730	0.0468750	0.0154522
8.0495701	0.0571289	0.0468750	0.0154522
8.0495491	0.0568848	0.0466309	0.0154523
8.0495281	0.0566406	0.0471191	0.0154524
8.0494957	0.0568848	0.0471191	0.0154524
8.0494738	0.0568848	0.0478516	0.0154525
8.0494518	0.0566406	0.0476074	0.0154525
8.0494308	0.0568848	0.0473633	0.0154526
8.0493965	0.0568848	0.0480957	0.0154527
8.0493631	0.0566406	0.0476074	0.0154528
8.0493393	0.0568848	0.0468750	0.0154528
8.0493164	0.0568848	0.0476074	0.0154529
8.0492802	0.0568848	0.0473633	0.0154530
8.0492449	0.0568848	0.0473633	0.0154531
8.0492201	0.0566406	0.0480957	0.0154532
8.0491943	0.0566406	0.0478516	0.0154532
8.0491695	0.0568848	0.0478516	0.0154533
8.0491304	0.0566406	0.0483398	0.0154534
8.0491037	0.0568848	0.0480957	0.0154535
8.0490770	0.0568848	0.0480957	0.0154535
8.0490503	0.0568848	0.0478516	0.0154536
8.0490065	0.0568848	0.0478516	0.0154537
8.0489759	0.0571289	0.0478516	0.0154538
8.0489454	0.0571289	0.0476074	0.0154539
8.0489149	0.0571289	0.0476074	0.0154539
8.0488663	0.0571289	0.0476074	0.0154541
8.0488176	0.0571289	0.0473633	0.0154542
8.0487833	0.0571289	0.0476074	0.0154543
8.0487490	0.0571289	0.0476074	0.0154544
8.0486946	0.0571289	0.0476074	0.0154545
8.0486412	0.0571289	0.0483398	0.0154547
8.0486040	0.0571289	0.0485840	0.0154548
8.0485659	0.0568848	0.0483398	0.0154549
8.0485287	0.0571289	0.0493164	0.0154549
8.0484705	0.0571289	0.0488281	0.0154551
8.0484295	0.0573730	0.0483398	0.0154552
8.0483885	0.0573730	0.0493164	0.0154553
8.0483475	0.0576172	0.0593262	0.0154554
8.0482836	0.0573730	0.0571289	0.0154556
8.0482397	0.0573730	0.0563965	0.0154557
8.0481949	0.0573730	0.0551758	0.0154558
8.0481510	0.0573730	0.0541992	0.0154559
8.0480804	0.0576172	0.0532227	0.0154561
8.0480099	0.0576172	0.0517578	0.0154563
8.0479603	0.0576172	0.0515137	0.0154564
8.0479107	0.0576172	0.0515137	0.0154566
8.0478611	0.0573730	0.0512695	0.0154567
8.0477819	0.0573730	0.0405273	0.0154569
8.0477257	0.0576172	0.0422363	0.0154570
8.0476694	0.0576172	0.0432129	0.0154572
8.0476131	0.0576172	0.0437012	0.0154573
8.0475264	0.0578613	0.0441895	0.0154576
8.0474663	0.0576172	0.0451660	0.0154577
8.0474052	0.0573730	0.0461426	0.0154579
8.0473452	0.0576172	0.0463867	0.0154580
8.0472488	0.0573730	0.0468750	0.0154583
8.0471535	0.0573730	0.0466309	0.0154585
8.0470877	0.0573730	0.0468750	0.0154587
8.0470209	0.0573730	0.0471191	0.0154589
8.0469160	0.0573730	0.0471191	0.0154591
8.0468102	0.0571289	0.0473633	0.0154594
8.0467358	0.0568848	0.0483398	0.0154596
8.0466604	0.0568848	0.0488281	0.0154598
8.0465860	0.0571289	0.0485840	0.0154600
8.0464659	0.0571289	0.0493164	0.0154603
8.0463810	0.0573730	0.0493164	0.0154605
8.0462952	0.0573730	0.0490723	0.0154608
8.0462103	0.0571289	0.0485840	0.0154610
8.0460701	0.0568848	0.0490723	0.0154613
8.0459690	0.0568848	0.0490723	0.0154616
8.0458689	0.0568848	0.0490723	0.0154619
8.0457678	0.0568848	0.0483398	0.0154621
8.0452375	0.0568848	0.0490723	0.0154635
8.0447063	0.0566406	0.0483398	0.0154649
8.0442219	0.0563965	0.0480957	0.0154662
8.0437365	0.0561523	0.0478516	0.0154674
8.0432434	0.0561523	0.0478516	0.0154687
8.0427494	0.0561523	0.0488281	0.0154700
8.0423107	0.0561523	0.0478516	0.0154711
8.0418711	0.0561523	0.0471191	0.0154723
8.0414324	0.0561523	0.0476074	0.0154734
8.0409765	0.0561523	0.0476074	0.0154746
8.0409498	0.0561523	0.0473633	0.0154747
8.0409222	0.0561523	0.0488281	0.0154747
8.0408955	0.0563965	0.0485840	0.0154748
8.0408401	0.0563965	0.0485840	0.0154750
8.0407934	0.0563965	0.0493164	0.0154751
8.0407467	0.0563965	0.0573730	0.0154752
8.0407000	0.0563965	0.0566406	0.0154753
8.0406151	0.0566406	0.0556641	0.0154755
8.0405302	0.0566406	0.0537109	0.0154758
8.0404625	0.0566406	0.0527344	0.0154759
8.0403948	0.0566406	0.0522461	0.0154761
8.0403271	0.0568848	0.0515137	0.0154763
8.0398684	0.0566406	0.0512695	0.0154775
8.0394382	0.0566406	0.0502930	0.0154786
8.0390081	0.0566406	0.0502930	0.0154797
8.0385780	0.0566406	0.0412598	0.0154808
8.0381374	0.0568848	0.0424805	0.0154820
8.0377359	0.0568848	0.0446777	0.0154830
8.0373344	0.0571289	0.0466309	0.0154841
8.0369339	0.0573730	0.0468750	0.0154851
8.0365124	0.0576172	0.0473633	0.0154862
8.0360909	0.0576172	0.0476074	0.0154873
8.0360603	0.0578613	0.0473633	0.0154874
8.0360308	0.0581055	0.0493164	0.0154875
8.0359678	0.0583496	0.0478516	0.0154877
8.0359049	0.0583496	0.0478516	0.0154878
8.0358524	0.0578613	0.0488281	0.0154880
8.0358000	0.0578613	0.0485840	0.0154881
8.0357466	0.0578613	0.0476074	0.0154882
8.0356503	0.0578613	0.0490723	0.0154885
8.0355730	0.0578613	0.0488281	0.0154887
8.0354967	0.0578613	0.0495605	0.0154889
8.0354204	0.0578613	0.0495605	0.0154891
8.0348911	0.0578613	0.0495605	0.0154905
8.0343943	0.0578613	0.0500488	0.0154918
8.0338974	0.0578613	0.0500488	0.0154931
8.0334005	0.0581055	0.0498047	0.0154943
8.0328932	0.0578613	0.0493164	0.0154957
8.0323858	0.0578613	0.0498047	0.0154970
8.0319223	0.0578613	0.0498047	0.0154982
8.0314589	0.0578613	0.0493164	0.0154994
8.0309753	0.0578613	0.0490723	0.0155007
8.0304918	0.0578613	0.0500488	0.0155019
8.0304613	0.0578613	0.0495605	0.0155020
8.0304298	0.0578613	0.0498047	0.0155021
8.0303993	0.0581055	0.0505371	0.0155022
8.0303373	0.0583496	0.0498047	0.0155023
8.0302858	0.0585937	0.0500488	0.0155025
8.0302343	0.0585937	0.0507812	0.0155026
8.0301828	0.0585937	0.0500488	0.0155027
8.0300903	0.0583496	0.0502930	0.0155030
8.0300188	0.0583496	0.0515137	0.0155032
8.0299463	0.0583496	0.0510254	0.0155034
8.0298748	0.0583496	0.0505371	0.0155036
8.0294018	0.0583496	0.0500488	0.0155048
8.0289288	0.0583496	0.0502930	0.0155060
8.0284872	0.0583496	0.0505371	0.0155072
8.0280457	0.0583496	0.0500488	0.0155083
8.0276041	0.0583496	0.0500488	0.0155095
8.0271521	0.0583496	0.0500488	0.0155107
8.0267420	0.0585937	0.0495605	0.0155117
8.0263309	0.0585937	0.0483398	0.0155128
8.0259209	0.0585937	0.0478516	0.0155139
8.0254869	0.0585937	0.0476074	0.0155150
8.0254536	0.0585937	0.0488281	0.0155151
8.0254202	0.0585937	0.0490723	0.0155152
8.0253868	0.0585937	0.0488281	0.0155153
8.0253172	0.0585937	0.0500488	0.0155155
8.0252466	0.0583496	0.0495605	0.0155156
8.0251875	0.0583496	0.0490723	0.0155158
8.0251274	0.0583496	0.0500488	0.0155160
8.0246658	0.0583496	0.0500488	0.0155172
8.0242052	0.0583496	0.0510254	0.0155184
8.0237675	0.0583496	0.0515137	0.0155195
8.0233297	0.0583496	0.0515137	0.0155207
8.0228930	0.0583496	0.0507812	0.0155218
8.0224485	0.0583496	0.0502930	0.0155230
8.0220404	0.0583496	0.0502930	0.0155240
8.0216322	0.0585937	0.0500488	0.0155251
8.0212240	0.0585937	0.0498047	0.0155262
8.0207977	0.0585937	0.0498047	0.0155273
8.0207720	0.0585937	0.0493164	0.0155273
8.0207462	0.0585937	0.0493164	0.0155274
8.0207205	0.0585937	0.0500488	0.0155275
8.0206652	0.0585937	0.0493164	0.0155276
8.0206099	0.0585937	0.0490723	0.0155278
8.0205612	0.0585937	0.0502930	0.0155279
8.0205135	0.0585937	0.0495605	0.0155280
8.0204248	0.0585937	0.0495605	0.0155283
8.0203371	0.0585937	0.0505371	0.0155285
8.0202675	0.0585937	0.0500488	0.0155287
8.0201979	0.0585937	0.0498047	0.0155289
8.0201283	0.0585937	0.0510254	0.0155290
8.0196533	0.0588379	0.0500488	0.0155303
8.0192080	0.0588379	0.0500488	0.0155314
8.0187635	0.0588379	0.0502930	0.0155326
8.0183182	0.0585937	0.0500488	0.0155338
8.0178633	0.0585937	0.0495605	0.0155350
8.0174475	0.0588379	0.0505371	0.0155361
8.0170317	0.0583496	0.0502930	0.0155371
8.0166168	0.0583496	0.0490723	0.0155382
8.0161791	0.0583496	0.0490723	0.0155394
8.0157423	0.0583496	0.0480957	0.0155405
8.0157108	0.0578613	0.0483398	0.0155406
8.0156784	0.0581055	0.0476074	0.0155407
8.0156460	0.0583496	0.0483398	0.0155408
8.0155792	0.0585937	0.0483398	0.0155409
8.0155230	0.0585937	0.0480957	0.0155411
8.0154657	0.0585937	0.0480957	0.0155412
8.0154095	0.0593262	0.0483398	0.0155414
8.0149384	0.0593262	0.0490723	0.0155426
8.0144901	0.0595703	0.0500488	0.0155438
8.0140409	0.0598145	0.0495605	0.0155450
8.0135918	0.0600586	0.0502930	0.0155462
8.0131273	0.0595703	0.0517578	0.0155474
8.0126619	0.0595703	0.0515137	0.0155486
8.0122318	0.0598145	0.0507812	0.0155497
8.0118017	0.0598145	0.0520020	0.0155509
8.0113401	0.0598145	0.0507812	0.0155521
8.0108776	0.0595703	0.0502930	0.0155533
8.0108280	0.0593262	0.0512695	0.0155534
8.0107794	0.0590820	0.0502930	0.0155535
8.0107307	0.0590820	0.0498047	0.0155537
8.0102444	0.0593262	0.0495605	0.0155549
8.0097752	0.0598145	0.0495605	0.0155562
8.0093050	0.0598145	0.0490723	0.0155574
8.0088358	0.0600586	0.0490723	0.0155586
8.0083494	0.0603027	0.0493164	0.0155599
8.0078964	0.0600586	0.0495605	0.0155611
8.0074425	0.0605469	0.0495605	0.0155623
8.0069885	0.0610352	0.0500488	0.0155635
8.0065002	0.0610352	0.0502930	0.0155648
8.0060120	0.0610352	0.0502930	0.0155660
8.0059605	0.0612793	0.0512695	0.0155662
8.0059090	0.0612793	0.0507812	0.0155663
8.0053959	0.0612793	0.0507812	0.0155677
8.0048838	0.0610352	0.0517578	0.0155690
8.0043879	0.0610352	0.0512695	0.0155703
8.0038929	0.0610352	0.0510254	0.0155716
8.0033979	0.0610352	0.0520020	0.0155729
8.0028858	0.0610352	0.0510254	0.0155743
8.0024090	0.0610352	0.0510254	0.0155755
8.0019321	0.0612793	0.0522461	0.0155768
8.0014544	0.0615234	0.0515137	0.0155780
8.0009460	0.0607910	0.0512695	0.0155794
8.0008984	0.0607910	0.0512695	0.0155795
8.0008497	0.0607910	0.0510254	0.0155796
8.0008020	0.0612793	0.0507812	0.0155797
8.0003595	0.0617676	0.0510254	0.0155809
7.9999175	0.0615234	0.0505371	0.0155821
7.9994922	0.0617676	0.0507812	0.0155832
7.9990668	0.0615234	0.0505371	0.0155843
7.9986415	0.0610352	0.0500488	0.0155854
7.9982023	0.0605469	0.0495605	0.0155866
7.9977946	0.0612793	0.0498047	0.0155877
7.9973869	0.0607910	0.0505371	0.0155887
7.9969797	0.0607910	0.0502930	0.0155898
7.9965434	0.0607910	0.0500488	0.0155909
7.9965010	0.0603027	0.0505371	0.0155911
7.9964585	0.0605469	0.0502930	0.0155912
7.9964161	0.0610352	0.0500488	0.0155913
7.9959788	0.0612793	0.0507812	0.0155924
7.9955420	0.0615234	0.0507812	0.0155936
7.9951191	0.0612793	0.0502930	0.0155947
7.9946961	0.0615234	0.0520020	0.0155958
7.9942570	0.0620117	0.0517578	0.0155970
7.9938173	0.0620117	0.0517578	0.0155981
7.9934068	0.0617676	0.0527344	0.0155992
7.9929962	0.0620117	0.0522461	0.0156003
7.9925857	0.0617676	0.0520020	0.0156014
7.9921427	0.0603027	0.0515137	0.0156025
7.9920940	0.0605469	0.0515137	0.0156027
7.9920449	0.0607910	0.0507812	0.0156028
7.9919963	0.0610352	0.0507812	0.0156029
7.9914002	0.0612793	0.0505371	0.0156045
7.9908204	0.0622559	0.0505371	0.0156060
7.9902411	0.0625000	0.0505371	0.0156076
7.9896617	0.0625000	0.0505371	0.0156091
7.9890580	0.0629883	0.0505371	0.0156107
7.9884548	0.0629883	0.0505371	0.0156123
7.9878836	0.0639648	0.0512695	0.0156138
7.9873128	0.0639648	0.0512695	0.0156153
7.9862585	0.0642090	0.0515137	0.0156181
7.9852047	0.0646973	0.0520020	0.0156208
7.9846973	0.0642090	0.0517578	0.0156222
7.9841905	0.0634766	0.0517578	0.0156235
7.9836836	0.0634766	0.0524902	0.0156249
7.9831495	0.0627441	0.0522461	0.0156263
7.9826398	0.0625000	0.0522461	0.0156276
7.9821305	0.0620117	0.0527344	0.0156290
7.9816208	0.0622559	0.0524902	0.0156303
7.9805865	0.0629883	0.0520020	0.0156330
7.9800344	0.0627441	0.0520020	0.0156345
7.9794827	0.0629883	0.0527344	0.0156360
7.9789310	0.0632324	0.0515137	0.0156374
7.9783516	0.0634766	0.0512695	0.0156389
7.9777727	0.0634766	0.0510254	0.0156405
7.9772205	0.0644531	0.0510254	0.0156419
7.9766684	0.0644531	0.0515137	0.0156434
7.9761162	0.0661621	0.0517578	0.0156449
7.9749775	0.0659180	0.0520020	0.0156479
7.9743633	0.0656738	0.0522461	0.0156495
7.9737496	0.0656738	0.0532227	0.0156511
7.9731355	0.0651855	0.0527344	0.0156527
7.9720750	0.0659180	0.0529785	0.0156556
7.9710422	0.0659180	0.0549316	0.0156583
7.9700098	0.0664062	0.0549316	0.0156610
7.9689775	0.0661621	0.0546875	0.0156638
7.9674449	0.0666504	0.0554199	0.0156678
7.9659133	0.0659180	0.0551758	0.0156719
7.9649673	0.0659180	0.0551758	0.0156744
7.9640212	0.0666504	0.0559082	0.0156769
7.9624310	0.0673828	0.0554199	0.0156811
7.9608412	0.0678711	0.0554199	0.0156854
7.9596972	0.0673828	0.0563965	0.0156884
7.9585538	0.0678711	0.0559082	0.0156914
7.9574103	0.0671387	0.0556641	0.0156945
7.9555211	0.0673828	0.0556641	0.0156995
7.9541316	0.0678711	0.0554199	0.0157032
7.9527426	0.0681152	0.0554199	0.0157069
7.9513540	0.0683594	0.0559082	0.0157106
7.9493337	0.0678711	0.0559082	0.0157160
7.9479570	0.0683594	0.0561523	0.0157196
7.9465804	0.0690918	0.0566406	0.0157233
7.9452043	0.0698242	0.0563965	0.0157270
7.9433231	0.0705566	0.0566406	0.0157320
7.9414425	0.0717773	0.0576172	0.0157370
7.9403062	0.0715332	0.0583496	0.0157400
7.9391699	0.0710449	0.0585937	0.0157431
7.9375930	0.0712891	0.0590820	0.0157473
7.9360170	0.0720215	0.0595703	0.0157515
7.9350715	0.0722656	0.0595703	0.0157540
7.9341259	0.0720215	0.0595703	0.0157565
7.9331808	0.0720215	0.0598145	0.0157591
7.9321990	0.0717773	0.0598145	0.0157617
7.9317222	0.0710449	0.0593262	0.0157630
7.9312453	0.0710449	0.0593262	0.0157642
7.9307685	0.0715332	0.0595703	0.0157655
7.9296613	0.0715332	0.0595703	0.0157685
7.9289942	0.0720215	0.0598145	0.0157703
7.9283276	0.0717773	0.0598145	0.0157721
7.9276605	0.0712891	0.0595703	0.0157738
7.9269719	0.0708008	0.0598145	0.0157757
7.9262829	0.0700684	0.0595703	0.0157775
7.9256310	0.0698242	0.0593262	0.0157793
7.9249787	0.0698242	0.0590820	0.0157810
7.9239168	0.0700684	0.0593262	0.0157839
7.9228554	0.0705566	0.0595703	0.0157867
7.9224234	0.0705566	0.0595703	0.0157879
7.9219913	0.0705566	0.0593262	0.0157890
7.9215593	0.0708008	0.0590820	0.0157902
7.9211059	0.0712891	0.0595703	0.0157914
7.9206748	0.0717773	0.0598145	0.0157926
7.9202442	0.0722656	0.0598145	0.0157937
7.9198132	0.0725098	0.0603027	0.0157949
7.9189529	0.0725098	0.0605469	0.0157972
7.9185019	0.0722656	0.0603027	0.0157984
7.9180512	0.0725098	0.0600586	0.0157996
7.9176006	0.0727539	0.0603027	0.0158008
7.9171262	0.0725098	0.0603027	0.0158021
7.9166512	0.0727539	0.0605469	0.0158034
7.9161978	0.0727539	0.0605469	0.0158046
7.9157443	0.0725098	0.0603027	0.0158058
7.9152913	0.0727539	0.0605469	0.0158070
7.9144197	0.0739746	0.0607910	0.0158093
7.9139771	0.0737305	0.0607910	0.0158105
7.9135346	0.0737305	0.0607910	0.0158117
7.9130926	0.0737305	0.0607910	0.0158129
7.9126325	0.0739746	0.0607910	0.0158142
7.9121966	0.0729980	0.0607910	0.0158153
7.9117608	0.0729980	0.0607910	0.0158165
7.9113250	0.0729980	0.0607910	0.0158177
7.9108562	0.0732422	0.0610352	0.0158189
7.9103875	0.0734863	0.0610352	0.0158202
7.9103365	0.0725098	0.0607910	0.0158203
7.9102855	0.0727539	0.0607910	0.0158205
7.9098120	0.0727539	0.0607910	0.0158217
7.9093385	0.0725098	0.0607910	0.0158230
7.9088831	0.0725098	0.0607910	0.0158242
7.9084277	0.0734863	0.0610352	0.0158255
7.9079723	0.0732422	0.0610352	0.0158267
7.9075041	0.0737305	0.0610352	0.0158279
7.9070687	0.0737305	0.0610352	0.0158291
7.9066339	0.0729980	0.0610352	0.0158303
7.9061985	0.0732422	0.0610352	0.0158315
7.9057369	0.0732422	0.0610352	0.0158327
7.9056973	0.0732422	0.0612793	0.0158328
7.9056578	0.0734863	0.0617676	0.0158329
7.9056182	0.0734863	0.0617676	0.0158330
7.9055376	0.0734863	0.0617676	0.0158332
7.9054575	0.0737305	0.0617676	0.0158335
7.9053898	0.0737305	0.0617676	0.0158336
7.9053221	0.0737305	0.0620117	0.0158338
7.9048052	0.0742187	0.0620117	0.0158352
7.9042883	0.0747070	0.0622559	0.0158366
7.9037981	0.0754395	0.0625000	0.0158379
7.9033084	0.0751953	0.0625000	0.0158392
7.9028182	0.0754395	0.0620117	0.0158406
7.9023166	0.0756836	0.0629883	0.0158419
7.9018555	0.0756836	0.0629883	0.0158432
7.9013944	0.0756836	0.0629883	0.0158444
7.9009333	0.0756836	0.0632324	0.0158456
7.9004464	0.0759277	0.0632324	0.0158470
7.9004087	0.0756836	0.0632324	0.0158471
7.9003706	0.0751953	0.0632324	0.0158472
7.9003325	0.0747070	0.0632324	0.0158473
7.8999138	0.0749512	0.0629883	0.0158484
7.8994951	0.0744629	0.0632324	0.0158495
7.8990884	0.0747070	0.0625000	0.0158506
7.8986816	0.0747070	0.0627441	0.0158517
7.8982749	0.0744629	0.0627441	0.0158528
7.8978543	0.0747070	0.0627441	0.0158539
7.8974595	0.0742187	0.0627441	0.0158550
7.8970652	0.0744629	0.0627441	0.0158561
7.8966708	0.0747070	0.0627441	0.0158571
7.8962474	0.0751953	0.0629883	0.0158583
7.8962049	0.0754395	0.0629883	0.0158584
7.8961620	0.0754395	0.0627441	0.0158585
7.8961191	0.0756836	0.0629883	0.0158586
7.8956962	0.0761719	0.0629883	0.0158598
7.8952727	0.0759277	0.0632324	0.0158609
7.8948641	0.0759277	0.0634766	0.0158620
7.8944550	0.0771484	0.0634766	0.0158631
7.8940334	0.0771484	0.0639648	0.0158643
7.8936124	0.0771484	0.0639648	0.0158654
7.8932195	0.0771484	0.0637207	0.0158665
7.8928270	0.0771484	0.0639648	0.0158675
7.8924341	0.0771484	0.0642090	0.0158686
7.8920202	0.0766602	0.0644531	0.0158697
7.8919864	0.0766602	0.0644531	0.0158698
7.8919525	0.0769043	0.0644531	0.0158699
7.8919182	0.0769043	0.0642090	0.0158700
7.8918576	0.0764160	0.0642090	0.0158701
7.8918095	0.0761719	0.0639648	0.0158703
7.8917608	0.0759277	0.0639648	0.0158704
7.8917127	0.0759277	0.0639648	0.0158705
7.8916345	0.0759277	0.0642090	0.0158707
7.8915558	0.0761719	0.0642090	0.0158709
7.8914990	0.0764160	0.0642090	0.0158711
7.8914423	0.0764160	0.0644531	0.0158713
7.8913512	0.0766602	0.0644531	0.0158715
7.8912597	0.0759277	0.0644531	0.0158718
7.8911953	0.0761719	0.0644531	0.0158719
7.8911309	0.0766602	0.0646973	0.0158721
7.8910666	0.0764160	0.0646973	0.0158723
7.8909636	0.0764160	0.0646973	0.0158726
7.8908901	0.0766602	0.0646973	0.0158727
7.8908167	0.0769043	0.0649414	0.0158729
7.8907437	0.0761719	0.0649414	0.0158731
7.8906250	0.0759277	0.0646973	0.0158735
7.8905406	0.0761719	0.0646973	0.0158737
7.8904562	0.0764160	0.0646973	0.0158739
7.8903718	0.0759277	0.0651855	0.0158741
7.8902369	0.0761719	0.0651855	0.0158745
7.8901019	0.0764160	0.0651855	0.0158749
7.8900056	0.0761719	0.0651855	0.0158751
7.8899093	0.0761719	0.0649414	0.0158754
7.8898134	0.0759277	0.0649414	0.0158757
7.8896618	0.0764160	0.0644531	0.0158761
7.8895555	0.0766602	0.0649414	0.0158764
7.8894491	0.0766602	0.0649414	0.0158766
7.8893433	0.0769043	0.0649414	0.0158769
7.8891778	0.0771484	0.0649414	0.0158774
7.8890629	0.0771484	0.0651855	0.0158777
7.8889480	0.0773926	0.0651855	0.0158780
7.8888335	0.0773926	0.0656738	0.0158783
7.8886681	0.0773926	0.0656738	0.0158788
7.8885026	0.0776367	0.0654297	0.0158792
7.8883929	0.0773926	0.0659180	0.0158795
7.8882828	0.0773926	0.0656738	0.0158798
7.8881264	0.0773926	0.0656738	0.0158802
7.8879704	0.0773926	0.0661621	0.0158806
7.8878732	0.0773926	0.0659180	0.0158809
7.8877764	0.0773926	0.0654297	0.0158812
7.8876796	0.0773926	0.0661621	0.0158814
7.8875375	0.0769043	0.0659180	0.0158818
7.8874459	0.0764160	0.0656738	0.0158821
7.8873549	0.0764160	0.0661621	0.0158823
7.8872633	0.0769043	0.0659180	0.0158826
7.8871250	0.0766602	0.0661621	0.0158829
7.8870325	0.0766602	0.0659180	0.0158832
7.8869405	0.0766602	0.0654297	0.0158834
7.8868480	0.0769043	0.0651855	0.0158837
7.8867059	0.0766602	0.0654297	0.0158841
7.8865633	0.0766602	0.0654297	0.0158844
7.8864660	0.0773926	0.0651855	0.0158847
7.8863688	0.0778809	0.0656738	0.0158850
7.8862185	0.0778809	0.0659180	0.0158854
7.8860679	0.0778809	0.0659180	0.0158858
7.8859649	0.0786133	0.0661621	0.0158861
7.8858619	0.0786133	0.0666504	0.0158863
7.8857589	0.0786133	0.0671387	0.0158866
7.8856597	0.0776367	0.0673828	0.0158869
7.8856106	0.0776367	0.0673828	0.0158870
7.8855615	0.0773926	0.0668945	0.0158872
7.8855119	0.0764160	0.0668945	0.0158873
7.8868833	0.0759277	0.0671387	0.0158836
7.8883076	0.0756836	0.0666504	0.0158797
7.8897328	0.0751953	0.0659180	0.0158759
7.8911581	0.0749512	0.0668945	0.0158720
7.8926072	0.0744629	0.0666504	0.0158681
7.8940568	0.0747070	0.0661621	0.0158642
7.8955035	0.0749512	0.0654297	0.0158603
7.8969502	0.0747070	0.0656738	0.0158564
7.8983979	0.0749512	0.0651855	0.0158525
7.8998542	0.0749512	0.0646973	0.0158486
7.8998857	0.0749512	0.0646973	0.0158485
7.8999171	0.0751953	0.0646973	0.0158484
7.8999486	0.0739746	0.0646973	0.0158483
7.8999667	0.0734863	0.0632324	0.0158482
7.8999619	0.0734863	0.0632324	0.0158483
7.8999572	0.0729980	0.0629883	0.0158483
7.8999519	0.0729980	0.0637207	0.0158483
7.8995600	0.0734863	0.0634766	0.0158493
7.8991675	0.0737305	0.0634766	0.0158504
7.8987670	0.0742187	0.0646973	0.0158515
7.8983665	0.0742187	0.0642090	0.0158526
7.8979392	0.0747070	0.0639648	0.0158537
7.8975120	0.0764160	0.0654297	0.0158549
7.8970981	0.0761719	0.0656738	0.0158560
7.8966837	0.0769043	0.0664062	0.0158571
7.8962698	0.0771484	0.0673828	0.0158582
7.8953753	0.0769043	0.0676270	0.0158606
7.8948674	0.0771484	0.0671387	0.0158620
7.8943601	0.0771484	0.0668945	0.0158634
7.8938527	0.0769043	0.0659180	0.0158647
7.8933220	0.0766602	0.0659180	0.0158662
7.8928180	0.0761719	0.0656738	0.0158675
7.8923144	0.0759277	0.0654297	0.0158689
7.8918109	0.0756836	0.0649414	0.0158703
7.8908854	0.0754395	0.0646973	0.0158728
7.8899598	0.0764160	0.0637207	0.0158753
7.8895144	0.0761719	0.0634766	0.0158765
7.8890691	0.0751953	0.0637207	0.0158777
7.8886042	0.0754395	0.0651855	0.0158789
7.8881397	0.0759277	0.0656738	0.0158802
7.8876982	0.0764160	0.0649414	0.0158814
7.8872566	0.0766602	0.0664062	0.0158826
7.8868155	0.0771484	0.0659180	0.0158838
7.8859892	0.0778809	0.0659180	0.0158860
7.8855848	0.0776367	0.0671387	0.0158871
7.8851800	0.0773926	0.0673828	0.0158882
7.8847756	0.0783691	0.0671387	0.0158893
7.8843398	0.0783691	0.0676270	0.0158905
7.8839235	0.0786133	0.0668945	0.0158916
7.8835073	0.0791016	0.0668945	0.0158927
7.8830910	0.0788574	0.0678711	0.0158938
7.8821735	0.0791016	0.0671387	0.0158963
7.8812566	0.0791016	0.0673828	0.0158988
7.8807244	0.0788574	0.0676270	0.0159003
7.8801918	0.0788574	0.0666504	0.0159017
7.8796597	0.0783691	0.0671387	0.0159031
7.8791065	0.0786133	0.0673828	0.0159046
7.8785849	0.0788574	0.0678711	0.0159061
7.8780632	0.0781250	0.0681152	0.0159075
7.8775415	0.0783691	0.0681152	0.0159089
7.8765154	0.0783691	0.0686035	0.0159117
7.8759894	0.0778809	0.0686035	0.0159131
7.8754640	0.0781250	0.0683594	0.0159145
7.8749380	0.0783691	0.0690918	0.0159159
7.8737993	0.0791016	0.0690918	0.0159190
7.8726606	0.0795898	0.0698242	0.0159221
7.8715439	0.0798340	0.0705566	0.0159252
7.8704267	0.0803223	0.0703125	0.0159282
7.8685293	0.0805664	0.0693359	0.0159333
7.8666329	0.0810547	0.0705566	0.0159385
7.8652406	0.0817871	0.0698242	0.0159423
7.8638487	0.0817871	0.0695801	0.0159461
7.8624573	0.0822754	0.0708008	0.0159499
7.8610430	0.0827637	0.0700684	0.0159537
7.8602400	0.0822754	0.0700684	0.0159559
7.8594375	0.0825195	0.0700684	0.0159581
7.8586349	0.0827637	0.0705566	0.0159603
7.8572984	0.0825195	0.0700684	0.0159639
7.8567405	0.0825195	0.0708008	0.0159654
7.8561831	0.0820312	0.0708008	0.0159670
7.8556256	0.0825195	0.0712891	0.0159685
7.8550324	0.0825195	0.0710449	0.0159701
7.8544397	0.0817871	0.0698242	0.0159717
7.8538704	0.0820312	0.0703125	0.0159733
7.8533015	0.0820312	0.0703125	0.0159748
7.8522606	0.0815430	0.0715332	0.0159776
7.8512201	0.0817871	0.0712891	0.0159805
7.8507133	0.0820312	0.0715332	0.0159819
7.8502064	0.0820312	0.0727539	0.0159833
7.8496995	0.0825195	0.0722656	0.0159846
7.8491759	0.0825195	0.0725098	0.0159861
7.8486881	0.0827637	0.0734863	0.0159874
7.8482003	0.0830078	0.0744629	0.0159887
7.8477125	0.0832520	0.0737305	0.0159901
7.8468356	0.0839844	0.0749512	0.0159925
7.8464298	0.0837402	0.0737305	0.0159936
7.8460245	0.0837402	0.0734863	0.0159947
7.8456187	0.0844727	0.0749512	0.0159958
7.8451967	0.0844727	0.0742187	0.0159969
7.8447747	0.0842285	0.0742187	0.0159981
7.8443699	0.0842285	0.0742187	0.0159992
7.8439646	0.0842285	0.0742187	0.0160003
7.8431616	0.0842285	0.0739746	0.0160025
7.8423591	0.0839844	0.0749512	0.0160047
7.8419452	0.0839844	0.0744629	0.0160058
7.8415313	0.0842285	0.0742187	0.0160070
7.8411179	0.0837402	0.0744629	0.0160081
7.8406973	0.0839844	0.0739746	0.0160093
7.8402925	0.0842285	0.0742187	0.0160104
7.8398886	0.0837402	0.0739746	0.0160115
7.8394842	0.0842285	0.0744629	0.0160126
7.8390718	0.0844727	0.0744629	0.0160137
7.8390570	0.0844727	0.0744629	0.0160137
7.8390422	0.0847168	0.0751953	0.0160138
7.8390274	0.0849609	0.0749512	0.0160138
7.8389950	0.0852051	0.0749512	0.0160139
7.8389630	0.0852051	0.0756836	0.0160140
7.8389373	0.0852051	0.0754395	0.0160141
7.8389120	0.0854492	0.0754395	0.0160141
7.8388867	0.0854492	0.0764160	0.0160142
7.8388543	0.0849609	0.0764160	0.0160143
7.8388295	0.0854492	0.0766602	0.0160144
7.8388052	0.0852051	0.0761719	0.0160144
7.8387809	0.0849609	0.0759277	0.0160145
7.8387613	0.0847168	0.0756836	0.0160145
7.8387589	0.0842285	0.0751953	0.0160146
7.8387570	0.0837402	0.0756836	0.0160146
7.8387551	0.0827637	0.0754395	0.0160146
7.8400631	0.0825195	0.0747070	0.0160110
7.8413720	0.0820312	0.0739746	0.0160074
7.8426881	0.0815430	0.0737305	0.0160038
7.8440042	0.0812988	0.0729980	0.0160002
7.8453460	0.0808105	0.0737305	0.0159965
7.8466883	0.0800781	0.0732422	0.0159929
7.8480258	0.0800781	0.0725098	0.0159892
7.8493638	0.0805664	0.0732422	0.0159856
7.8507023	0.0805664	0.0717773	0.0159819
7.8520551	0.0808105	0.0710449	0.0159782
7.8520932	0.0808105	0.0722656	0.0159781
7.8521318	0.0815430	0.0722656	0.0159780
7.8521700	0.0815430	0.0715332	0.0159779
7.8522029	0.0815430	0.0725098	0.0159778
7.8522105	0.0822754	0.0725098	0.0159778
7.8522182	0.0822754	0.0720215	0.0159778
7.8522263	0.0825195	0.0720215	0.0159777
7.8517380	0.0827637	0.0722656	0.0159791
7.8512502	0.0827637	0.0717773	0.0159804
7.8507485	0.0830078	0.0727539	0.0159818
7.8502474	0.0832520	0.0727539	0.0159831
7.8497205	0.0832520	0.0722656	0.0159846
7.8491940	0.0832520	0.0725098	0.0159860
7.8486733	0.0832520	0.0727539	0.0159874
7.8481522	0.0834961	0.0722656	0.0159889
7.8476315	0.0834961	0.0722656	0.0159903
7.8465500	0.0830078	0.0737305	0.0159932
7.8459635	0.0834961	0.0732422	0.0159948
7.8453774	0.0834961	0.0732422	0.0159964
7.8447914	0.0830078	0.0747070	0.0159981
7.8441815	0.0834961	0.0737305	0.0159997
7.8435974	0.0834961	0.0737305	0.0160013
7.8430133	0.0834961	0.0747070	0.0160029
7.8424292	0.0837402	0.0739746	0.0160045
7.8413477	0.0842285	0.0739746	0.0160075
7.8402667	0.0849609	0.0754395	0.0160104
7.8397455	0.0847168	0.0747070	0.0160119
7.8392248	0.0849609	0.0742187	0.0160133
7.8387041	0.0859375	0.0742187	0.0160147
7.8381577	0.0859375	0.0742187	0.0160162
7.8376350	0.0859375	0.0744629	0.0160176
7.8371119	0.0864258	0.0747070	0.0160191
7.8365893	0.0864258	0.0742187	0.0160205
7.8355503	0.0866699	0.0742187	0.0160233
7.8350081	0.0864258	0.0744629	0.0160248
7.8344660	0.0864258	0.0742187	0.0160263
7.8339238	0.0866699	0.0744629	0.0160278
7.8333545	0.0864258	0.0742187	0.0160294
7.8327851	0.0864258	0.0756836	0.0160309
7.8322420	0.0866699	0.0747070	0.0160324
7.8316984	0.0861816	0.0749512	0.0160339
7.8306508	0.0869141	0.0761719	0.0160368
7.8296037	0.0871582	0.0761719	0.0160397
7.8290720	0.0866699	0.0754395	0.0160411
7.8285408	0.0871582	0.0764160	0.0160426
7.8280096	0.0874023	0.0764160	0.0160440
7.8274508	0.0876465	0.0764160	0.0160456
7.8269196	0.0876465	0.0783691	0.0160470
7.8263884	0.0876465	0.0766602	0.0160485
7.8258572	0.0883789	0.0754395	0.0160499
7.8248429	0.0886230	0.0766602	0.0160527
7.8243332	0.0883789	0.0766602	0.0160541
7.8238230	0.0891113	0.0773926	0.0160555
7.8233132	0.0891113	0.0776367	0.0160569
7.8227825	0.0888672	0.0778809	0.0160584
7.8222518	0.0893555	0.0781250	0.0160598
7.8217487	0.0893555	0.0778809	0.0160612
7.8212457	0.0893555	0.0778809	0.0160626
7.8203139	0.0898437	0.0793457	0.0160652
7.8193827	0.0895996	0.0800781	0.0160677
7.8189335	0.0900879	0.0817871	0.0160690
7.8184838	0.0900879	0.0805664	0.0160702
7.8180346	0.0898437	0.0798340	0.0160715
7.8175530	0.0903320	0.0815430	0.0160728
7.8170924	0.0905762	0.0812988	0.0160740
7.8166318	0.0895996	0.0803223	0.0160753
7.8161712	0.0903320	0.0812988	0.0160766
7.8152142	0.0905762	0.0808105	0.0160792
7.8146853	0.0903320	0.0800781	0.0160807
7.8141565	0.0903320	0.0812988	0.0160821
7.8136277	0.0900879	0.0808105	0.0160836
7.8130751	0.0898437	0.0810547	0.0160851
7.8125229	0.0903320	0.0793457	0.0160866
7.8120031	0.0900879	0.0793457	0.0160881
7.8114829	0.0898437	0.0788574	0.0160895
7.8104930	0.0903320	0.0808105	0.0160922
7.8095026	0.0900879	0.0808105	0.0160950
7.8090086	0.0900879	0.0803223	0.0160963
7.8085146	0.0900879	0.0803223	0.0160977
7.8080206	0.0905762	0.0783691	0.0160991
7.8075061	0.0908203	0.0783691	0.0161005
7.8070149	0.0913086	0.0786133	0.0161018
7.8065238	0.0910645	0.0808105	0.0161032
7.8060331	0.0915527	0.0800781	0.0161045
7.8050537	0.0925293	0.0803223	0.0161072
7.8045444	0.0935059	0.0793457	0.0161086
7.8040352	0.0935059	0.0793457	0.0161101
7.8035264	0.0937500	0.0800781	0.0161115
7.8029928	0.0942383	0.0815430	0.0161129
7.8024592	0.0942383	0.0830078	0.0161144
7.8019466	0.0947266	0.0815430	0.0161158
7.8014340	0.0947266	0.0842285	0.0161172
7.8009214	0.0949707	0.0849609	0.0161187
7.7999864	0.0952148	0.0852051	0.0161212
7.7995391	0.0949707	0.0869141	0.0161225
7.7990923	0.0949707	0.0869141	0.0161237
7.7986455	0.0957031	0.0869141	0.0161250
7.7981763	0.0954590	0.0888672	0.0161263
7.7977314	0.0957031	0.0888672	0.0161275
7.7972870	0.0959473	0.0886230	0.0161287
7.7968426	0.0954590	0.0883789	0.0161299
7.7959590	0.0954590	0.0891113	0.0161324
7.7950754	0.0957031	0.0886230	0.0161348
7.7946138	0.0961914	0.0881348	0.0161361
7.7941527	0.0966797	0.0864258	0.0161374
7.7936621	0.0969238	0.0869141	0.0161387
7.7931714	0.0974121	0.0871582	0.0161401
7.7927027	0.0979004	0.0864258	0.0161414
7.7922344	0.0981445	0.0866699	0.0161427
7.7917657	0.0986328	0.0864258	0.0161440
7.7906599	0.0993652	0.0881348	0.0161471
7.7899923	0.0998535	0.0881348	0.0161489
7.7893252	0.1003418	0.0881348	0.0161508
7.7886581	0.1003418	0.0898437	0.0161526
7.7875800	0.1000977	0.0913086	0.0161556
7.7865314	0.1005859	0.0910645	0.0161585
7.7854829	0.1005859	0.0927734	0.0161614
7.7844353	0.1010742	0.0930176	0.0161643
7.7829900	0.1013184	0.0927734	0.0161684
7.7815452	0.1018066	0.0954590	0.0161724
7.7807369	0.1015625	0.0954590	0.0161746
7.7799292	0.1020508	0.0949707	0.0161769
7.7786698	0.1027832	0.0944824	0.0161804
7.7774105	0.1035156	0.0942383	0.0161839
7.7765622	0.1042480	0.0939941	0.0161862
7.7757139	0.1049805	0.0937500	0.0161886
7.7748661	0.1054687	0.0944824	0.0161909
7.7735457	0.1059570	0.0944824	0.0161946
7.7726221	0.1069336	0.0947266	0.0161972
7.7716990	0.1076660	0.0942383	0.0161998
7.7707758	0.1091309	0.0944824	0.0162023
7.7693639	0.1098633	0.0903320	0.0162063
7.7684031	0.1108398	0.0949707	0.0162089
7.7674422	0.1118164	0.0959473	0.0162116
7.7664819	0.1123047	0.0966797	0.0162143
7.7650113	0.1130371	0.0991211	0.0162184
7.7635407	0.1142578	0.0988770	0.0162225
7.7625427	0.1149902	0.0988770	0.0162253
7.7615442	0.1157227	0.1025391	0.0162281
7.7605462	0.1166992	0.1032715	0.0162309
7.7591205	0.1174316	0.1032715	0.0162349
7.7581820	0.1181641	0.1098633	0.0162375
7.7572446	0.1188965	0.1098633	0.0162401
7.7563066	0.1193848	0.1101074	0.0162427
7.7549610	0.1206055	0.1132812	0.0162465
7.7541242	0.1210937	0.1130371	0.0162488
7.7532883	0.1220703	0.1132812	0.0162512
7.7524519	0.1232910	0.1127930	0.0162535
7.7512360	0.1242676	0.1125488	0.0162569
7.7500205	0.1252441	0.1132812	0.0162603
7.7492328	0.1259766	0.1149902	0.0162625
7.7484450	0.1271973	0.1135254	0.0162647
7.7476239	0.1276855	0.1142578	0.0162670
7.7468028	0.1289062	0.1157227	0.0162693
7.7463894	0.1293945	0.1159668	0.0162705
7.7459764	0.1303711	0.1179199	0.0162716
7.7455635	0.1311035	0.1169434	0.0162728
7.7445340	0.1318359	0.1208496	0.0162757
7.7438846	0.1323242	0.1213379	0.0162775
7.7432351	0.1323242	0.1223145	0.0162793
7.7425857	0.1333008	0.1242676	0.0162812
7.7419162	0.1337891	0.1257324	0.0162830
7.7412801	0.1342773	0.1267090	0.0162848
7.7406445	0.1347656	0.1284180	0.0162866
7.7400088	0.1357422	0.1281738	0.0162884
7.7389998	0.1362305	0.1264648	0.0162912
7.7379918	0.1362305	0.1303711	0.0162941
7.7375984	0.1369629	0.1306152	0.0162952
7.7372050	0.1376953	0.1281738	0.0162963
7.7367916	0.1386719	0.1274414	0.0162974
7.7363787	0.1386719	0.1276855	0.0162986
7.7359858	0.1394043	0.1286621	0.0162997
7.7355933	0.1406250	0.1274414	0.0163008
7.7352004	0.1411133	0.1269531	0.0163019
7.7343998	0.1418457	0.1279297	0.0163042
7.7339721	0.1423340	0.1303711	0.0163054
7.7335443	0.1430664	0.1311035	0.0163066
7.7331166	0.1435547	0.1318359	0.0163078
7.7326689	0.1442871	0.1347656	0.0163090
7.7322407	0.1450195	0.1376953	0.0163102
7.7318125	0.1462402	0.1372070	0.0163114
7.7313848	0.1469727	0.1362305	0.0163126
7.7305684	0.1474609	0.1386719	0.0163149
7.7297525	0.1477051	0.1416016	0.0163172
7.7293439	0.1481934	0.1406250	0.0163184
7.7289352	0.1496582	0.1425781	0.0163195
7.7285271	0.1503906	0.1425781	0.0163207
7.7280965	0.1506348	0.1411133	0.0163219
7.7276864	0.1513672	0.1430664	0.0163231
7.7272763	0.1518555	0.1433105	0.0163242
7.7268662	0.1523437	0.1437988	0.0163254
7.7260838	0.1525879	0.1467285	0.0163276
7.7256889	0.1528320	0.1467285	0.0163287
7.7252941	0.1535645	0.1469727	0.0163298
7.7248993	0.1540527	0.1469727	0.0163309
7.7245102	0.1542969	0.1452637	0.0163320
7.7241206	0.1550293	0.1457520	0.0163331
7.7237535	0.1560059	0.1442871	0.0163341
7.7233863	0.1564941	0.1457520	0.0163352
7.7230043	0.1569824	0.1455078	0.0163363
7.7226224	0.1574707	0.1462402	0.0163373
7.7226129	0.1582031	0.1472168	0.0163374
7.7226033	0.1591797	0.1477051	0.0163374
7.7225938	0.1601562	0.1484375	0.0163374
7.7222290	0.1604004	0.1499023	0.0163384
7.7218590	0.1608887	0.1520996	0.0163395
7.7214890	0.1616211	0.1520996	0.0163405
7.7211189	0.1623535	0.1579590	0.0163416
7.7207313	0.1630859	0.1574707	0.0163427
7.7203588	0.1640625	0.1584473	0.0163437
7.7199864	0.1650391	0.1604004	0.0163448
7.7196140	0.1652832	0.1586914	0.0163458
7.7192082	0.1662598	0.1591797	0.0163470
7.7188025	0.1667480	0.1604004	0.0163481
7.7187519	0.1677246	0.1623535	0.0163483
7.7187009	0.1682129	0.1625977	0.0163484
7.7182093	0.1694336	0.1630859	0.0163498
7.7177176	0.1701660	0.1633301	0.0163512
7.7172432	0.1704102	0.1621094	0.0163525
7.7167692	0.1713867	0.1625977	0.0163539
7.7162952	0.1721191	0.1640625	0.0163552
7.7158027	0.1738281	0.1657715	0.0163566
7.7153440	0.1748047	0.1665039	0.0163579
7.7148852	0.1762695	0.1667480	0.0163592
7.7144265	0.1774902	0.1682129	0.0163605
7.7139330	0.1787109	0.1691895	0.0163619
7.7138801	0.1794434	0.1718750	0.0163620
7.7138267	0.1804199	0.1718750	0.0163622
7.7137737	0.1816406	0.1721191	0.0163623
7.7132907	0.1821289	0.1748047	0.0163637
7.7128081	0.1831055	0.1750488	0.0163651
7.7123437	0.1831055	0.1748047	0.0163664
7.7118793	0.1833496	0.1767578	0.0163677
7.7114148	0.1843262	0.1767578	0.0163690
7.7109399	0.1848145	0.1772461	0.0163703
7.7104993	0.1853027	0.1791992	0.0163716
7.7100592	0.1855469	0.1777344	0.0163728
7.7096195	0.1862793	0.1767578	0.0163741
7.7091589	0.1867676	0.1809082	0.0163754
7.7091279	0.1877441	0.1809082	0.0163755
7.7090969	0.1889648	0.1813965	0.0163756
7.7090659	0.1901855	0.1823730	0.0163757
7.7090054	0.1904297	0.1816406	0.0163758
7.7089448	0.1906738	0.1816406	0.0163760
7.7088952	0.1916504	0.1821289	0.0163761
7.7088456	0.1916504	0.1826172	0.0163763
7.7087569	0.1923828	0.1845703	0.0163765
7.7086682	0.1926270	0.1860352	0.0163768
7.7085996	0.1936035	0.1855469	0.0163770
7.7085314	0.1945801	0.1857910	0.0163772
7.7084627	0.1948242	0.1850586	0.0163774
7.7080059	0.1950684	0.1875000	0.0163787
7.7075782	0.1958008	0.1877441	0.0163799
7.7071509	0.1960449	0.1879883	0.0163811
7.7067232	0.1960449	0.1894531	0.0163823
7.7062869	0.1972656	0.1896973	0.0163835
7.7058887	0.1977539	0.1894531	0.0163847
7.7054911	0.1982422	0.1916504	0.0163858
7.7050934	0.1992187	0.1918945	0.0163869
7.7046776	0.1994629	0.1916504	0.0163881
7.7042618	0.1997070	0.1940918	0.0163893
7.7042341	0.1999512	0.1940918	0.0163893
7.7042069	0.2001953	0.1948242	0.0163894
7.7041526	0.2009277	0.1940918	0.0163896
7.7040987	0.2009277	0.1938477	0.0163897
7.7040544	0.2014160	0.1938477	0.0163899
7.7040095	0.2014160	0.1938477	0.0163900
7.7039652	0.2021484	0.1945801	0.0163901
7.7038884	0.2019043	0.1948242	0.0163903
7.7038298	0.2019043	0.1953125	0.0163905
7.7037711	0.2019043	0.1958008	0.0163907
7.7037129	0.2023926	0.1955566	0.0163908
7.7036171	0.2031250	0.1958008	0.0163911
7.7035480	0.2028809	0.1989746	0.0163913
7.7034783	0.2036133	0.1984863	0.0163915
7.7034092	0.2038574	0.1997070	0.0163917
7.7032962	0.2045898	0.2021484	0.0163920
7.7031832	0.2050781	0.2011719	0.0163923
7.7031021	0.2053223	0.2004395	0.0163926
7.7030210	0.2055664	0.2019043	0.0163928
7.7029400	0.2060547	0.2006836	0.0163930
7.7028098	0.2062988	0.2011719	0.0163934
7.7027168	0.2065430	0.2023926	0.0163936
7.7026234	0.2072754	0.2019043	0.0163939
7.7025304	0.2077637	0.2023926	0.0163942
7.7023869	0.2075195	0.2021484	0.0163946
7.7022872	0.2080078	0.2019043	0.0163949
7.7021871	0.2080078	0.2021484	0.0163951
7.7020874	0.2077637	0.2033691	0.0163954
7.7019310	0.2082520	0.2036133	0.0163959
7.7017746	0.2089844	0.2043457	0.0163963
7.7016678	0.2089844	0.2041016	0.0163966
7.7015605	0.2089844	0.2045898	0.0163969
7.7013903	0.2092285	0.2045898	0.0163974
7.7012200	0.2099609	0.2031250	0.0163979
7.7011003	0.2104492	0.2041016	0.0163982
7.7009802	0.2109375	0.2028809	0.0163986
7.7008605	0.2114258	0.2021484	0.0163989
7.7006783	0.2126465	0.2038574	0.0163994
7.7005525	0.2128906	0.2043457	0.0163998
7.7004266	0.2138672	0.2043457	0.0164001
7.7003012	0.2150879	0.2058105	0.0164005
7.7001171	0.2155762	0.2055664	0.0164010
7.6999965	0.2163086	0.2062988	0.0164014
7.6998754	0.2170410	0.2089844	0.0164017
7.6997547	0.2177734	0.2089844	0.0164020
7.6995792	0.2177734	0.2104492	0.0164025
7.6994042	0.2177734	0.2126465	0.0164030
7.6992912	0.2180176	0.2124023	0.0164034
7.6991787	0.2182617	0.2121582	0.0164037
7.6990108	0.2175293	0.2126465	0.0164042
7.6988435	0.2185059	0.2126465	0.0164046
7.6987338	0.2194824	0.2131348	0.0164049
7.6986246	0.2194824	0.2131348	0.0164053
7.6985154	0.2197266	0.2131348	0.0164056
7.6983504	0.2199707	0.2131348	0.0164060
7.6982398	0.2204590	0.2136230	0.0164063
7.6981292	0.2214355	0.2133789	0.0164067
7.6980186	0.2216797	0.2133789	0.0164070
7.6978602	0.2216797	0.2133789	0.0164074
7.6977568	0.2224121	0.2138672	0.0164077
7.6976533	0.2221680	0.2138672	0.0164080
7.6975498	0.2221680	0.2141113	0.0164083
7.6973991	0.2221680	0.2143555	0.0164087
7.6972489	0.2226562	0.2143555	0.0164092
7.6971540	0.2231445	0.2143555	0.0164094
7.6970592	0.2231445	0.2145996	0.0164097
7.6969643	0.2238770	0.2150879	0.0164100
7.6968231	0.2243652	0.2150879	0.0164104
7.6967306	0.2246094	0.2155762	0.0164106
7.6966376	0.2246094	0.2158203	0.0164109
7.6965446	0.2250977	0.2160645	0.0164112
7.6964078	0.2255859	0.2155762	0.0164116
7.6963181	0.2265625	0.2160645	0.0164118
7.6962285	0.2268066	0.2165527	0.0164121
7.6961389	0.2268066	0.2167969	0.0164123
7.6960068	0.2265625	0.2170410	0.0164127
7.6958747	0.2258301	0.2170410	0.0164131
7.6957884	0.2260742	0.2167969	0.0164133
7.6957026	0.2265625	0.2170410	0.0164136
7.6955791	0.2263184	0.2170410	0.0164139
7.6954556	0.2265625	0.2172852	0.0164143
7.6953764	0.2268066	0.2182617	0.0164145
7.6952968	0.2270508	0.2182617	0.0164147
7.6952171	0.2268066	0.2182617	0.0164149
7.6951017	0.2275391	0.2187500	0.0164153
7.6950293	0.2285156	0.2189941	0.0164155
7.6949568	0.2287598	0.2192383	0.0164157
7.6948838	0.2285156	0.2199707	0.0164159
7.6947808	0.2290039	0.2202148	0.0164162
7.6947150	0.2290039	0.2202148	0.0164164
7.6946487	0.2290039	0.2202148	0.0164165
7.6945829	0.2290039	0.2204590	0.0164167
7.6944957	0.2290039	0.2204590	0.0164170
7.6944084	0.2292480	0.2204590	0.0164172
7.6943569	0.2294922	0.2204590	0.0164174
7.6943049	0.2297363	0.2204590	0.0164175
7.6942334	0.2299805	0.2207031	0.0164177
7.6941624	0.2302246	0.2209473	0.0164179
7.6941214	0.2307129	0.2207031	0.0164180
7.6940804	0.2316895	0.2211914	0.0164182
7.6940393	0.2319336	0.2214355	0.0164183
7.6939707	0.2326660	0.2214355	0.0164185
7.6939225	0.2331543	0.2219238	0.0164186
7.6938744	0.2338867	0.2221680	0.0164188
7.6938267	0.2341309	0.2226562	0.0164189
7.6937466	0.2346191	0.2229004	0.0164191
7.6936870	0.2351074	0.2224121	0.0164193
7.6936269	0.2363281	0.2231445	0.0164195
7.6935668	0.2368164	0.2241211	0.0164196
7.6934662	0.2377930	0.2243652	0.0164199
7.6933661	0.2380371	0.2250977	0.0164202
7.6932936	0.2382812	0.2258301	0.0164204
7.6932211	0.2387695	0.2258301	0.0164206
7.6931491	0.2392578	0.2263184	0.0164208
7.6930327	0.2399902	0.2268066	0.0164211
7.6929483	0.2402344	0.2268066	0.0164214
7.6928644	0.2414551	0.2277832	0.0164216
7.6927800	0.2421875	0.2282715	0.0164219
7.6926489	0.2429199	0.2287598	0.0164222
7.6925588	0.2436523	0.2292480	0.0164225
7.6924682	0.2441406	0.2297363	0.0164228
7.6923780	0.2448730	0.2304687	0.0164230
7.6919136	0.2456055	0.2309570	0.0164243
7.6914492	0.2460937	0.2316895	0.0164256
7.6910286	0.2465820	0.2321777	0.0164268
7.6906075	0.2475586	0.2333984	0.0164280
7.6901913	0.2478027	0.2341309	0.0164292
7.6897745	0.2475586	0.2343750	0.0164304
7.6894045	0.2480469	0.2346191	0.0164315
7.6890349	0.2482910	0.2351074	0.0164325
7.6886649	0.2487793	0.2351074	0.0164336
7.6882839	0.2492676	0.2341309	0.0164347
7.6882768	0.2495117	0.2348633	0.0164347
7.6882696	0.2500000	0.2353516	0.0164347
7.6882625	0.2509766	0.2351074	0.0164347
7.6882353	0.2517090	0.2353516	0.0164348
7.6882038	0.2526855	0.2358398	0.0164349
7.6881723	0.2539062	0.2346191	0.0164350
7.6881413	0.2546387	0.2348633	0.0164351
7.6880832	0.2556152	0.2358398	0.0164352
7.6880250	0.2570801	0.2370605	0.0164354
7.6879778	0.2580566	0.2385254	0.0164355
7.6879311	0.2587891	0.2392578	0.0164357
7.6878839	0.2595215	0.2399902	0.0164358
7.6878052	0.2597656	0.2404785	0.0164360
7.6877465	0.2600098	0.2409668	0.0164362
7.6876879	0.2600098	0.2421875	0.0164364
7.6876292	0.2602539	0.2429199	0.0164365
7.6875410	0.2604980	0.2434082	0.0164368
7.6874790	0.2604980	0.2438965	0.0164369
7.6874175	0.2607422	0.2434082	0.0164371
7.6873555	0.2612305	0.2436523	0.0164373
7.6872573	0.2617187	0.2443848	0.0164376
7.6871591	0.2619629	0.2438965	0.0164379
7.6870928	0.2622070	0.2443848	0.0164380
7.6870260	0.2626953	0.2451172	0.0164382
7.6869230	0.2629395	0.2441406	0.0164385
7.6868196	0.2629395	0.2446289	0.0164388
7.6867466	0.2629395	0.2458496	0.0164390
7.6866732	0.2626953	0.2448730	0.0164392
7.6865997	0.2619629	0.2448730	0.0164395
7.6865005	0.2609863	0.2448730	0.0164397
7.6864381	0.2602539	0.2436523	0.0164399
7.6863756	0.2592773	0.2434082	0.0164401
7.6863127	0.2583008	0.2434082	0.0164403
7.6862373	0.2573242	0.2431641	0.0164405
7.6861987	0.2568359	0.2429199	0.0164406
7.6861601	0.2565918	0.2431641	0.0164407
7.6861215	0.2563477	0.2424316	0.0164408
7.6860595	0.2563477	0.2421875	0.0164410
7.6859975	0.2568359	0.2419434	0.0164412
7.6859617	0.2573242	0.2424316	0.0164413
7.6859255	0.2578125	0.2421875	0.0164414
7.6858687	0.2585449	0.2436523	0.0164415
7.6858115	0.2592773	0.2438965	0.0164417
7.6857677	0.2602539	0.2426758	0.0164418
7.6857233	0.2609863	0.2434082	0.0164419
7.6856790	0.2614746	0.2441406	0.0164421
7.6856170	0.2619629	0.2421875	0.0164423
7.6855779	0.2624512	0.2434082	0.0164424
7.6855388	0.2626953	0.2443848	0.0164425
7.6854997	0.2631836	0.2431641	0.0164426
7.6854420	0.2636719	0.2438965	0.0164427
7.6854053	0.2641602	0.2436523	0.0164429
7.6853681	0.2646484	0.2429199	0.0164430
7.6853313	0.2648926	0.2458496	0.0164431
7.6852727	0.2651367	0.2458496	0.0164432
7.6852140	0.2653809	0.2470703	0.0164434
7.6851735	0.2656250	0.2468262	0.0164435
7.6851335	0.2666016	0.2468262	0.0164436
7.6850929	0.2690430	0.2473145	0.0164437
7.6850209	0.2736816	0.2487793	0.0164439
7.6849680	0.2814941	0.2514648	0.0164441
7.6849146	0.2917480	0.2551270	0.0164443
7.6848617	0.3041992	0.2607422	0.0164444
7.6823401	0.3193359	0.2651367	0.0164516
7.6798425	0.3374023	0.2736816	0.0164587
7.6773462	0.3574219	0.2810059	0.0164658
7.6748514	0.3796387	0.2934570	0.0164730
7.6695967	0.4038086	0.3068848	0.0164880
7.6643491	0.4282227	0.3198242	0.0165030
7.6591406	0.4509277	0.3352051	0.0165179
7.6539388	0.4707031	0.3510742	0.0165329
7.6439724	0.4885254	0.3654785	0.0165616
7.6340322	0.5061035	0.3798828	0.0165902
7.6265483	0.5249023	0.3957520	0.0166119
7.6190796	0.5461426	0.4111328	0.0166335
7.6116261	0.5720215	0.4282227	0.0166551
7.5986176	0.6013184	0.4467773	0.0166930
7.5883546	0.6298828	0.4667969	0.0167230
7.5781202	0.6533203	0.4870605	0.0167529
7.5679145	0.6687012	0.5058594	0.0167829
7.5514536	0.6752930	0.5224609	0.0168314
7.5397005	0.6723633	0.5354004	0.0168662
7.5279851	0.6596680	0.5441895	0.0169009
7.5163069	0.6372070	0.5476074	0.0169357
7.4989195	0.6047363	0.5444336	0.0169877
7.4816155	0.5612793	0.5366211	0.0170397
7.4697623	0.5085449	0.5227051	0.0170754
7.4579487	0.4504395	0.4995117	0.0171112
7.4422750	0.3930664	0.4733887	0.0171588
7.4266701	0.3410645	0.4455566	0.0172064
7.4171758	0.2966309	0.4123535	0.0172355
7.4077072	0.2604980	0.3811035	0.0172646
7.3982639	0.2314453	0.3527832	0.0172936
7.3845263	0.2077637	0.3234863	0.0173361
7.3763857	0.1887207	0.2990723	0.0173613
7.3682642	0.1738281	0.2780762	0.0173865
7.3601618	0.1623535	0.2556152	0.0174117
7.3484521	0.1542969	0.2365723	0.0174483
7.3405647	0.1489258	0.2221680	0.0174730
7.3326960	0.1450195	0.2060547	0.0174977
7.3248448	0.1418457	0.1955566	0.0175224
7.3137693	0.1394043	0.1872559	0.0175573
7.3027291	0.1369629	0.1794434	0.0175923
7.2959294	0.1347656	0.1723633	0.0176138
7.2891436	0.1323242	0.1677246	0.0176354
7.2823710	0.1296387	0.1608887	0.0176570
7.2729259	0.1267090	0.1552734	0.0176871
7.2670441	0.1232910	0.1503906	0.0177060
7.2611723	0.1196289	0.1459961	0.0177248
7.2553110	0.1159668	0.1413574	0.0177436
7.2470689	0.1120605	0.1384277	0.0177701
7.2420182	0.1079102	0.1340332	0.0177864
7.2369757	0.1042480	0.1267090	0.0178027
7.2319403	0.1003418	0.1232910	0.0178190
7.2250905	0.0964355	0.1179199	0.0178412
7.2182546	0.0927734	0.1127930	0.0178634
7.2140698	0.0891113	0.1103516	0.0178770
7.2098904	0.0856934	0.1071777	0.0178906
7.2039242	0.0822754	0.1008301	0.0179101
7.1979690	0.0791016	0.0988770	0.0179295
7.1943760	0.0759277	0.0952148	0.0179413
7.1907868	0.0729980	0.0895996	0.0179530
7.1872015	0.0700684	0.0878906	0.0179648
7.1818280	0.0673828	0.0854492	0.0179824
7.1782594	0.0646973	0.0832520	0.0179942
7.1746950	0.0622559	0.0815430	0.0180059
7.1711340	0.0600586	0.0791016	0.0180176
7.1659541	0.0578613	0.0786133	0.0180347
7.1625514	0.0561523	0.0766602	0.0180460
7.1591516	0.0544434	0.0739746	0.0180572
7.1557555	0.0532227	0.0720215	0.0180684
7.1509304	0.0517578	0.0700684	0.0180844
7.1461124	0.0507812	0.0683594	0.0181004
7.1430712	0.0495605	0.0666504	0.0181105
7.1400332	0.0485840	0.0625000	0.0181207
7.1357198	0.0478516	0.0600586	0.0181350
7.1314120	0.0471191	0.0593262	0.0181494
7.1287131	0.0461426	0.0559082	0.0181584
7.1260166	0.0454102	0.0539551	0.0181674
7.1233225	0.0446777	0.0546875	0.0181764
7.1196237	0.0439453	0.0529785	0.0181888
7.1173463	0.0432129	0.0524902	0.0181964
7.1150703	0.0424805	0.0541992	0.0182041
7.1127963	0.0419922	0.0512695	0.0182117
7.1095290	0.0412598	0.0505371	0.0182227
7.1075315	0.0405273	0.0500488	0.0182294
7.1055355	0.0405273	0.0471191	0.0182361
7.1035404	0.0400391	0.0468750	0.0182428
7.1006918	0.0393066	0.0468750	0.0182524
7.0978460	0.0390625	0.0488281	0.0182620
7.0960021	0.0378418	0.0463867	0.0182682
7.0941591	0.0371094	0.0483398	0.0182744
7.0915709	0.0363770	0.0458984	0.0182832
7.0889850	0.0356445	0.0449219	0.0182919
7.0873885	0.0356445	0.0446777	0.0182973
7.0857930	0.0354004	0.0473633	0.0183027
7.0841980	0.0344238	0.0461426	0.0183081
7.0819817	0.0341797	0.0454102	0.0183156
7.0806155	0.0339355	0.0446777	0.0183203
7.0792499	0.0334473	0.0385742	0.0183249
7.0778852	0.0344238	0.0390625	0.0183295
7.0758686	0.0346680	0.0375977	0.0183364
7.0745959	0.0346680	0.0349121	0.0183407
7.0733232	0.0346680	0.0363770	0.0183450
7.0720515	0.0344238	0.0375977	0.0183493
7.0698800	0.0339355	0.0324707	0.0183567
7.0677099	0.0336914	0.0344238	0.0183641
7.0661612	0.0339355	0.0356445	0.0183694
7.0646124	0.0336914	0.0349121	0.0183747
7.0630651	0.0336914	0.0361328	0.0183799
7.0610523	0.0334473	0.0368652	0.0183868
7.0596895	0.0332031	0.0366211	0.0183915
7.0583267	0.0329590	0.0375977	0.0183961
7.0569654	0.0332031	0.0375977	0.0184008
7.0552697	0.0329590	0.0368652	0.0184066
7.0544705	0.0332031	0.0375977	0.0184093
7.0536718	0.0334473	0.0373535	0.0184120
7.0528731	0.0334473	0.0368652	0.0184148
7.0515089	0.0336914	0.0378418	0.0184194
7.0501447	0.0334473	0.0361328	0.0184241
7.0492454	0.0332031	0.0380859	0.0184272
7.0483465	0.0334473	0.0363770	0.0184302
7.0468102	0.0332031	0.0363770	0.0184355
7.0452752	0.0332031	0.0363770	0.0184408
7.0440736	0.0334473	0.0346680	0.0184449
7.0428724	0.0332031	0.0349121	0.0184490
7.0416722	0.0329590	0.0368652	0.0184531
7.0394235	0.0327148	0.0349121	0.0184609
7.0377402	0.0324707	0.0349121	0.0184666
7.0360575	0.0327148	0.0344238	0.0184724
7.0343761	0.0324707	0.0302734	0.0184782
7.0316200	0.0319824	0.0307617	0.0184877
7.0295000	0.0317383	0.0329590	0.0184950
7.0273809	0.0314941	0.0314941	0.0185023
7.0252638	0.0312500	0.0317383	0.0185096
7.0222621	0.0307617	0.0324707	0.0185200
7.0192633	0.0302734	0.0310059	0.0185303
7.0173082	0.0305176	0.0310059	0.0185371
7.0153542	0.0297852	0.0307617	0.0185439
7.0117955	0.0288086	0.0307617	0.0185562
7.0082407	0.0283203	0.0305176	0.0185685
7.0057564	0.0283203	0.0302734	0.0185771
7.0032740	0.0280762	0.0285645	0.0185858
7.0007935	0.0275879	0.0275879	0.0185944
6.9968596	0.0273437	0.0273437	0.0186081
6.9938083	0.0273437	0.0268555	0.0186187
6.9907598	0.0270996	0.0266113	0.0186293
6.9877143	0.0266113	0.0268555	0.0186400
6.9833951	0.0268555	0.0273437	0.0186551
6.9806709	0.0263672	0.0270996	0.0186646
6.9779491	0.0266113	0.0270996	0.0186741
6.9752302	0.0258789	0.0273437	0.0186837
6.9716334	0.0251465	0.0241699	0.0186963
6.9680414	0.0249023	0.0244141	0.0187089
6.9658937	0.0241699	0.0251465	0.0187165
6.9637475	0.0234375	0.0222168	0.0187240
6.9616027	0.0227051	0.0197754	0.0187316
6.9584317	0.0219727	0.0207520	0.0187427
6.9565291	0.0217285	0.0209961	0.0187495
6.9546275	0.0214844	0.0207520	0.0187562
6.9527273	0.0205078	0.0190430	0.0187629
6.9499707	0.0207520	0.0192871	0.0187726
6.9480886	0.0205078	0.0200195	0.0187793
6.9462080	0.0197754	0.0207520	0.0187859
6.9443288	0.0200195	0.0222168	0.0187926
6.9416795	0.0200195	0.0222168	0.0188020
6.9390321	0.0200195	0.0224609	0.0188114
6.9374075	0.0197754	0.0222168	0.0188171
6.9357839	0.0195312	0.0195312	0.0188229
6.9332490	0.0195312	0.0197754	0.0188319
6.9307165	0.0195312	0.0197754	0.0188409
6.9290371	0.0192871	0.0195312	0.0188469
6.9273591	0.0197754	0.0195312	0.0188529
6.9256821	0.0195312	0.0192871	0.0188589
6.9229536	0.0190430	0.0151367	0.0188686
6.9209933	0.0190430	0.0158691	0.0188756
6.9190350	0.0185547	0.0161133	0.0188826
6.9170771	0.0185547	0.0136719	0.0188896
6.9147520	0.0180664	0.0144043	0.0188979
6.9133344	0.0178223	0.0148926	0.0189030
6.9119177	0.0173340	0.0158691	0.0189080
6.9105015	0.0168457	0.0139160	0.0189131
6.9090748	0.0170898	0.0141602	0.0189182
6.9076486	0.0168457	0.0148926	0.0189233
6.9072690	0.0166016	0.0151367	0.0189247
6.9068899	0.0168457	0.0148926	0.0189260
6.9059334	0.0168457	0.0153809	0.0189295
6.9049773	0.0161133	0.0158691	0.0189329
6.9043894	0.0161133	0.0153809	0.0189350
6.9038010	0.0158691	0.0158691	0.0189371
6.9032130	0.0156250	0.0146484	0.0189392
6.9012609	0.0153809	0.0144043	0.0189463
6.8993211	0.0148926	0.0146484	0.0189532
6.8973827	0.0151367	0.0122070	0.0189602
6.8954453	0.0146484	0.0124512	0.0189672
6.8920469	0.0146484	0.0134277	0.0189794
6.8892264	0.0151367	0.0114746	0.0189896
6.8864083	0.0151367	0.0124512	0.0189998
6.8835931	0.0153809	0.0134277	0.0190099
6.8795033	0.0158691	0.0114746	0.0190247
6.8754191	0.0156250	0.0124512	0.0190395
6.8726916	0.0158691	0.0117187	0.0190494
6.8699665	0.0158691	0.0104980	0.0190593
6.8672438	0.0156250	0.0109863	0.0190692
6.8635035	0.0156250	0.0119629	0.0190828
6.8612146	0.0148926	0.0124512	0.0190911
6.8589277	0.0151367	0.0129395	0.0190995
6.8566422	0.0151367	0.0124512	0.0191078
6.8533692	0.0146484	0.0126953	0.0191197
6.8513641	0.0151367	0.0124512	0.0191271
6.8493605	0.0153809	0.0129395	0.0191344
6.8473582	0.0151367	0.0131836	0.0191417
6.8445077	0.0151367	0.0129395	0.0191521
6.8416595	0.0153809	0.0134277	0.0191626
6.8398256	0.0156250	0.0136719	0.0191693
6.8379931	0.0158691	0.0112305	0.0191760
6.8354831	0.0156250	0.0119629	0.0191853
6.8329754	0.0158691	0.0122070	0.0191945
6.8314519	0.0158691	0.0102539	0.0192001
6.8299289	0.0158691	0.0112305	0.0192057
6.8284068	0.0163574	0.0117187	0.0192113
6.8262029	0.0158691	0.0102539	0.0192194
6.8248444	0.0161133	0.0112305	0.0192244
6.8234868	0.0166016	0.0117187	0.0192294
6.8221297	0.0163574	0.0097656	0.0192344
6.8201170	0.0163574	0.0109863	0.0192419
6.8187799	0.0163574	0.0144043	0.0192468
6.8174438	0.0168457	0.0141602	0.0192517
6.8161082	0.0168457	0.0148926	0.0192567
6.8142462	0.0163574	0.0151367	0.0192636
6.8123851	0.0161133	0.0170898	0.0192704
6.8112044	0.0166016	0.0183105	0.0192748
6.8100243	0.0161133	0.0178223	0.0192792
6.8082967	0.0153809	0.0168457	0.0192856
6.8065705	0.0151367	0.0168457	0.0192920
6.8054976	0.0148926	0.0163574	0.0192960
6.8044252	0.0151367	0.0124512	0.0193000
6.8033538	0.0146484	0.0117187	0.0193039
6.8014174	0.0146484	0.0126953	0.0193111
6.8000069	0.0146484	0.0124512	0.0193164
6.7985969	0.0148926	0.0087891	0.0193216
6.7971878	0.0151367	0.0095215	0.0193269
6.7945175	0.0148926	0.0102539	0.0193368
6.7923942	0.0156250	0.0097656	0.0193447
6.7902727	0.0163574	0.0107422	0.0193526
6.7881522	0.0158691	0.0109863	0.0193606
6.7839408	0.0161133	0.0100098	0.0193763
6.7797351	0.0161133	0.0104980	0.0193920
6.7763929	0.0161133	0.0107422	0.0194046
6.7730546	0.0163574	0.0102539	0.0194171
6.7661710	0.0168457	0.0109863	0.0194430
6.7593040	0.0166016	0.0112305	0.0194688
6.7536964	0.0168457	0.0104980	0.0194900
6.7481003	0.0158691	0.0112305	0.0195112
6.7425151	0.0161133	0.0112305	0.0195323
6.7333584	0.0166016	0.0122070	0.0195671
6.7262812	0.0158691	0.0144043	0.0195941
6.7192216	0.0156250	0.0136719	0.0196211
6.7121797	0.0153809	0.0136719	0.0196481
6.7023249	0.0146484	0.0129395	0.0196859
6.6959629	0.0136719	0.0124512	0.0197104
6.6896157	0.0136719	0.0129395	0.0197349
6.6832824	0.0136719	0.0109863	0.0197595
6.6725607	0.0144043	0.0109863	0.0198011
6.6618805	0.0136719	0.0117187	0.0198427
6.6547198	0.0141602	0.0097656	0.0198707
6.6475778	0.0144043	0.0097656	0.0198987
6.6404538	0.0146484	0.0114746	0.0199267
6.6292610	0.0151367	0.0097656	0.0199708
6.6208582	0.0151367	0.0102539	0.0200041
6.6124816	0.0153809	0.0114746	0.0200373
6.6041307	0.0156250	0.0097656	0.0200706
6.5924587	0.0153809	0.0109863	0.0201173
6.5850940	0.0151367	0.0119629	0.0201468
6.5777493	0.0156250	0.0122070	0.0201763
6.5704246	0.0153809	0.0122070	0.0202059
6.5612702	0.0148926	0.0112305	0.0202429
6.5521469	0.0151367	0.0119629	0.0202799
6.5470138	0.0148926	0.0153809	0.0203008
6.5418906	0.0144043	0.0153809	0.0203217
6.5349169	0.0144043	0.0148926	0.0203502
6.5279613	0.0141602	0.0144043	0.0203787
6.5242825	0.0146484	0.0151367	0.0203939
6.5206089	0.0144043	0.0144043	0.0204090
6.5169406	0.0144043	0.0124512	0.0204241
6.5114355	0.0139160	0.0134277	0.0204468
6.5077538	0.0144043	0.0134277	0.0204620
6.5040774	0.0141602	0.0107422	0.0204772
6.5004063	0.0141602	0.0078125	0.0204924
6.4949541	0.0146484	0.0087891	0.0205151
6.4913421	0.0146484	0.0078125	0.0205301
6.4877348	0.0146484	0.0092773	0.0205451
6.4841323	0.0144043	0.0097656	0.0205601
6.4789557	0.0141602	0.0073242	0.0205818
6.4737897	0.0136719	0.0080566	0.0206034
6.4704452	0.0141602	0.0083008	0.0206174
6.4671049	0.0136719	0.0073242	0.0206314
6.4619560	0.0136719	0.0080566	0.0206531
6.4568172	0.0134277	0.0085449	0.0206747
6.4534450	0.0136719	0.0090332	0.0206890
6.4500771	0.0134277	0.0092773	0.0207032
6.4467139	0.0136719	0.0095215	0.0207174
6.4405966	0.0144043	0.0104980	0.0207434
6.4360461	0.0139160	0.0104980	0.0207627
6.4315038	0.0139160	0.0107422	0.0207820
6.4269695	0.0134277	0.0112305	0.0208014
6.4191937	0.0136719	0.0112305	0.0208346
6.4132199	0.0134277	0.0109863	0.0208602
6.4072595	0.0136719	0.0112305	0.0208858
6.4013138	0.0139160	0.0095215	0.0209114
6.3925285	0.0136719	0.0097656	0.0209494
6.3837743	0.0136719	0.0102539	0.0209873
6.3777380	0.0131836	0.0083008	0.0210136
6.3717165	0.0141602	0.0090332	0.0210398
6.3657093	0.0144043	0.0097656	0.0210661
6.3576312	0.0156250	0.0083008	0.0211014
6.3527393	0.0156250	0.0087891	0.0211229
6.3478575	0.0161133	0.0102539	0.0211444
6.3429852	0.0161133	0.0090332	0.0211659
6.3361354	0.0156250	0.0095215	0.0211962
6.3320856	0.0161133	0.0168457	0.0212141
6.3280430	0.0161133	0.0163574	0.0212321
6.3240070	0.0163574	0.0175781	0.0212500
6.3175740	0.0163574	0.0187988	0.0212787
6.3111587	0.0166016	0.0180664	0.0213073
6.3068008	0.0156250	0.0173340	0.0213268
6.3024511	0.0156250	0.0170898	0.0213464
6.2960529	0.0153809	0.0166016	0.0213751
6.2896719	0.0153809	0.0178223	0.0214039
6.2852516	0.0153809	0.0175781	0.0214238
6.2808394	0.0153809	0.0109863	0.0214438
6.2764359	0.0151367	0.0095215	0.0214638
6.2701578	0.0148926	0.0085449	0.0214923
6.2662458	0.0151367	0.0090332	0.0215101
6.2623405	0.0153809	0.0070801	0.0215279
6.2584419	0.0153809	0.0083008	0.0215458
6.2520285	0.0156250	0.0092773	0.0215751
6.2476454	0.0156250	0.0092773	0.0215952
6.2432709	0.0158691	0.0083008	0.0216154
6.2389040	0.0163574	0.0092773	0.0216355
6.2319794	0.0166016	0.0078125	0.0216674
6.2250748	0.0168457	0.0090332	0.0216994
6.2200322	0.0170898	0.0097656	0.0217228
6.2150006	0.0170898	0.0100098	0.0217463
6.2074809	0.0163574	0.0104980	0.0217813
6.1999855	0.0166016	0.0109863	0.0218164
6.1949720	0.0158691	0.0107422	0.0218400
6.1899691	0.0158691	0.0095215	0.0218635
6.1849771	0.0158691	0.0097656	0.0218870
6.1777029	0.0156250	0.0107422	0.0219214
6.1729498	0.0153809	0.0112305	0.0219440
6.1682067	0.0146484	0.0112305	0.0219665
6.1634736	0.0144043	0.0117187	0.0219890
6.1568599	0.0141602	0.0100098	0.0220206
6.1527028	0.0144043	0.0100098	0.0220405
6.1485534	0.0146484	0.0102539	0.0220603
6.1444116	0.0153809	0.0090332	0.0220802
6.1384721	0.0156250	0.0095215	0.0221088
6.1325483	0.0153809	0.0114746	0.0221374
6.1288824	0.0153809	0.0090332	0.0221551
6.1252227	0.0156250	0.0095215	0.0221728
6.1215687	0.0161133	0.0095215	0.0221906
6.1158137	0.0163574	0.0078125	0.0222185
6.1119246	0.0161133	0.0085449	0.0222375
6.1080422	0.0163574	0.0097656	0.0222564
6.1041670	0.0158691	0.0083008	0.0222754
6.0974927	0.0158691	0.0087891	0.0223081
6.0926056	0.0156250	0.0090332	0.0223321
6.0877290	0.0156250	0.0080566	0.0223561
6.0828638	0.0156250	0.0085449	0.0223801
6.0746450	0.0156250	0.0231934	0.0224208
6.0664573	0.0156250	0.0217285	0.0224615
6.0603533	0.0148926	0.0200195	0.0224919
6.0542660	0.0146484	0.0185547	0.0225223
6.0453634	0.0144043	0.0183105	0.0225670
6.0364976	0.0146484	0.0168457	0.0226117
6.0303845	0.0144043	0.0178223	0.0226426
6.0242891	0.0141602	0.0173340	0.0226735
6.0182114	0.0144043	0.0151367	0.0227044
6.0081291	0.0146484	0.0163574	0.0227558
6.0013404	0.0151367	0.0021973	0.0227906
5.9945736	0.0151367	0.0024414	0.0228254
5.9878283	0.0158691	0.0039062	0.0228602
5.9772706	0.0163574	0.0058594	0.0229149
5.9694948	0.0161133	0.0051270	0.0229553
5.9617481	0.0163574	0.0063477	0.0229957
5.9540305	0.0166016	0.0063477	0.0230362
5.9431829	0.0175781	0.0061035	0.0230933
5.9323921	0.0173340	0.0085449	0.0231504
5.9255152	0.0166016	0.0085449	0.0231870
5.9186616	0.0158691	0.0087891	0.0232235
5.9092956	0.0161133	0.0090332	0.0232737
5.8999724	0.0146484	0.0102539	0.0233238
5.8943677	0.0146484	0.0104980	0.0233541
5.8887787	0.0153809	0.0104980	0.0233844
5.8832049	0.0146484	0.0107422	0.0234146
5.8754082	0.0148926	0.0107422	0.0234571
5.8706846	0.0136719	0.0104980	0.0234829
5.8659725	0.0136719	0.0092773	0.0235088
5.8612714	0.0146484	0.0090332	0.0235346
5.8544960	0.0146484	0.0075684	0.0235719
5.8502026	0.0144043	0.0085449	0.0235956
5.8459182	0.0146484	0.0087891	0.0236193
5.8416433	0.0144043	0.0087891	0.0236431
5.8354926	0.0139160	0.0092773	0.0236773
5.8293614	0.0141602	0.0104980	0.0237115
5.8254294	0.0141602	0.0090332	0.0237335
5.8215055	0.0148926	0.0095215	0.0237555
5.8175893	0.0156250	0.0104980	0.0237775
5.8120785	0.0148926	0.0092773	0.0238085
5.8086176	0.0146484	0.0097656	0.0238281
5.8051629	0.0151367	0.0100098	0.0238476
5.8017144	0.0161133	0.0087891	0.0238672
5.7968144	0.0161133	0.0080566	0.0238950
5.7937703	0.0168457	0.0087891	0.0239123
5.7907305	0.0173340	0.0092773	0.0239296
5.7876959	0.0161133	0.0092773	0.0239470
5.7834077	0.0156250	0.0095215	0.0239715
5.7791295	0.0156250	0.0100098	0.0239960
5.7764330	0.0158691	0.0102539	0.0240115
5.7737398	0.0158691	0.0107422	0.0240270
5.7699394	0.0151367	0.0112305	0.0240489
5.7661467	0.0153809	0.0112305	0.0240708
5.7637930	0.0151367	0.0109863	0.0240844
5.7614427	0.0148926	0.0112305	0.0240980
5.7590947	0.0141602	0.0095215	0.0241116
5.7557178	0.0151367	0.0097656	0.0241312
5.7535844	0.0156250	0.0102539	0.0241436
5.7514529	0.0156250	0.0085449	0.0241560
5.7493243	0.0161133	0.0090332	0.0241684
5.7462220	0.0166016	0.0092773	0.0241865
5.7442203	0.0168457	0.0083008	0.0241982
5.7422209	0.0163574	0.0097656	0.0242099
5.7402234	0.0166016	0.0122070	0.0242216
5.7373781	0.0158691	0.0112305	0.0242383
5.7345371	0.0161133	0.0144043	0.0242550
5.7327194	0.0158691	0.0136719	0.0242657
5.7309041	0.0151367	0.0161133	0.0242764
5.7290902	0.0146484	0.0156250	0.0242871
5.7265677	0.0141602	0.0175781	0.0243020
5.7250137	0.0139160	0.0166016	0.0243112
5.7234607	0.0141602	0.0185547	0.0243203
5.7219090	0.0136719	0.0161133	0.0243295
5.7196884	0.0136719	0.0126953	0.0243427
5.7183118	0.0136719	0.0126953	0.0243508
5.7169361	0.0136719	0.0090332	0.0243590
5.7155619	0.0139160	0.0097656	0.0243672
5.7136068	0.0141602	0.0058594	0.0243788
5.7116542	0.0139160	0.0061035	0.0243904
5.7104073	0.0139160	0.0036621	0.0243978
5.7091613	0.0136719	0.0046387	0.0244052
5.7074304	0.0139160	0.0024414	0.0244156
5.7057009	0.0148926	0.0043945	0.0244259
5.7046371	0.0151367	0.0053711	0.0244322
5.7035742	0.0156250	0.0056152	0.0244386
5.7025118	0.0161133	0.0068359	0.0244450
5.7010465	0.0158691	0.0073242	0.0244537
5.7001586	0.0166016	0.0080566	0.0244590
5.6992717	0.0173340	0.0087891	0.0244644
5.6983848	0.0170898	0.0092773	0.0244697
5.6971426	0.0173340	0.0085449	0.0244771
5.6963835	0.0168457	0.0090332	0.0244817
5.6956248	0.0168457	0.0087891	0.0244862
5.6948667	0.0173340	0.0092773	0.0244908
5.6937351	0.0168457	0.0095215	0.0244976
5.6926045	0.0166016	0.0095215	0.0245044
5.6918759	0.0166016	0.0095215	0.0245088
5.6911473	0.0166016	0.0095215	0.0245132
5.6901197	0.0156250	0.0092773	0.0245194
5.6890922	0.0158691	0.0092773	0.0245255
5.6884203	0.0158691	0.0095215	0.0245296
5.6877484	0.0158691	0.0095215	0.0245336
5.6870766	0.0153809	0.0092773	0.0245377
5.6863904	0.0153809	0.0092773	0.0245418
